-15
-14
-29
-30
-42
-39
-26
-28
-24
-26
-34
-29
-34
-28
-22
-12
-17
-7
-12
-15
-27
-30
-22
-28
-34
-18
-21
-30
-38
-28
-17
-18
-27
-35
-25
-35
-30
-21
-16
-8
-14
-22
-26
-27
-23
-20
-10
-20
-13
-35
-18
-24
-30
-38
-19
-13
-26
-33
-32
-21
-30
-18
-9
-12
-22
-32
-27
-28
-22
-23
-10
-18
-40
-33
-26
-22
-36
-34
-22
-30
-23
-11
-24
-39
-18
-21
-18
-20
-32
-29
-39
-30
-36
-31
-27
-38
-53
-48
-39
-34
-21
-35
-31
-32
-37
-29
-34
-21
-30
-14
-24
-11
-32
-24
-20
-36
-18
-12
-6
-10
-28
-31
-24
-26
-29
-26
-32
-19
-28
-31
-21
-25
-30
-25
-8
-27
-31
-31
-22
-18
-21
-27
-33
-21
-19
-27
-29
-33
-13
-26
-7
-17
-20
-16
-14
-26
-30
-27
-34
-21
-30
-26
-14
-17
-18
-18
-22
-20
-27
-28
-30
-32
-35
-31
-28
-21
-18
-23
-18
-7
-14
-30
-36
-36
-30
-33
-30
-26
-30
-17
-12
-23
-37
-31
-24
-35
-36
-24
-20
-13
-34
-33
-32
-22
-35
-33
-15
-33
-41
-36
-31
-18
-31
-22
-18
-16
-39
-18
-17
-19
-10
-21
-13
-30
-31
-37
-13
-43
-19
-20
-21
-26
-38
-39
-17
-16
-17
-22
-28
-34
-26
-15
-16
-8
-16
-27
-23
-16
-25
-26
-22
-43
-85
-321
-975
-1946
-3074
-4152
-5059
-5750
-6243
-6567
-6719
-6547
-5970
-5022
-3931
-2875
-1988
-1292
-771
-431
-211
-113
-35
11
23
22
24
3
0
1
-5
-11
-7
14
19
18
22
41
73
82
82
74
93
83
63
51
35
60
51
59
44
61
59
67
63
63
70
84
104
83
75
81
97
94
104
112
132
133
109
120
105
108
95
83
97
95
82
86
99
115
107
116
120
108
99
105
98
104
99
101
107
111
99
105
110
123
127
160
163
166
159
170
173
163
154
144
146
145
115
113
120
121
128
131
128
125
115
125
137
131
131
126
129
122
125
113
107
111
108
104
102
112
113
111
122
121
116
118
123
116
93
80
88
94
96
92
103
113
97
109
110
111
100
115
121
111
104
118
107
107
108
117
120
111
99
105
110
100
97
96
110
96
94
102
91
95
89
106
123
114
110
112
109
112
115
117
125
114
88
88
74
89
98
106
91
90
84
97
107
101
92
110
124
115
103
105
105
111
102
109
99
97
92
96
88
79
81
89
102
92
74
79
94
113
93
108
120
101
94
85
109
114
111
98
97
98
82
74
74
90
85
90
98
105
75
74
95
104
118
94
83
87
89
91
104
101
101
106
100
85
83
87
94
85
75
75
85
89
84
88
95
93
76
80
92
102
105
102
109
107
96
100
116
97
80
90
91
84
74
80
72
80
96
94
100
103
83
95
95
96
74
85
92
97
82
73
88
80
66
65
76
83
80
84
91
79
70
82
102
87
74
77
82
89
66
80
85
77
78
70
76
79
82
90
87
84
75
82
67
68
60
68
84
90
62
67
79
69
74
72
67
76
68
64
68
62
57
74
75
77
68
62
72
68
53
50
75
76
67
63
66
55
57
61
64
73
79
75
80
68
59
67
73
73
58
59
83
82
46
46
66
70
64
66
66
65
81
59
74
89
68
69
80
69
54
51
63
61
54
45
70
61
62
63
69
72
62
63
70
54
54
65
79
65
66
66
68
65
57
59
52
76
55
44
44
53
57
66
69
68
60
64
75
74
61
62
56
56
68
54
51
66
55
50
56
61
59
46
67
51
46
48
47
44
37
58
70
68
59
69
72
82
82
68
71
56
49
57
46
55
42
66
58
52
31
41
49
42
45
35
61
68
53
47
34
70
52
66
61
53
52
56
70
69
47
27
40
40
28
44
46
45
45
41
58
43
24
33
45
43
58
55
74
45
53
47
50
45
47
44
52
63
54
45
55
41
36
36
44
49
42
59
61
60
37
48
52
56
30
26
35
48
33
29
41
35
30
40
45
38
25
33
30
27
34
29
49
38
33
46
59
41
42
49
47
44
38
31
47
34
27
44
53
45
33
35
41
22
16
15
30
42
38
44
27
45
31
22
25
30
29
37
39
35
37
47
46
38
28
27
30
34
25
17
33
33
30
26
52
37
25
35
25
39
25
21
38
26
16
24
25
29
34
25
26
16
17
8
14
26
21
27
40
40
19
18
32
33
32
19
26
31
22
21
18
27
21
25
20
22
24
22
15
3
27
16
47
34
19
22
38
24
11
25
38
38
35
32
29
21
27
21
14
30
8
26
24
41
7
35
28
42
32
32
22
16
28
29
33
22
30
29
14
16
-1
11
9
20
-3
9
23
5
14
17
28
12
21
17
17
30
27
24
25
18
6
15
35
12
2
1
16
3
-10
5
3
7
7
14
17
27
3
11
15
7
1
7
25
21
2
-8
4
21
-10
2
12
22
14
8
11
8
3
6
22
3
2
10
21
9
-12
10
24
12
5
7
18
2
14
-10
2
6
2
1
-2
10
-2
13
3
1
-13
-14
8
6
15
-4
-7
-1
1
10
-7
-4
7
10
5
8
-7
-9
25
13
2
-3
13
1
4
-1
-8
7
9
4
12
8
1
11
18
1
-4
-8
6
1
-16
-16
-4
-1
-7
-15
-16
-6
-4
-11
-6
5
5
-4
4
1
3
14
18
5
-18
-13
-9
-4
-21
-15
-9
-2
1
-6
-1
-6
-8
1
-7
-4
-19
-4
11
6
-1
-15
6
8
-10
-11
1
-7
0
-2
-11
-12
-9
-19
-12
9
-9
7
0
-11
-20
-16
-23
-21
-8
-11
-12
-8
-26
-13
-6
-9
-7
-10
0
-6
-5
-7
-11
-13
-6
-14
-15
-10
6
-4
15
0
-15
-18
-7
-5
-5
-9
-12
-7
-10
-17
-12
-17
-16
-12
-11
-6
-10
-20
-4
10
-4
-10
-9
-2
-7
-4
1
-14
-10
-13
2
-4
-17
-21
-21
-17
-19
-16
-11
2
-1
-12
-8
-17
-24
-11
-12
-22
-19
-20
-5
-13
-19
0
-7
-23
-37
-31
-14
-13
-16
-30
-30
-25
-19
-24
-15
-16
-27
-12
-10
-10
-14
-16
-11
-13
-18
-10
-1
-4
-17
-20
-7
-10
-13
-4
-3
-24
-27
-29
-11
-17
-21
-27
-16
-12
-22
-17
-22
-16
-8
-14
-7
-4
-11
-12
-17
-18
-21
-14
-18
-6
-21
-12
-8
-10
-23
-24
-19
-16
-36
-22
-26
-24
-31
-10
-2
-4
-7
-11
-10
-32
-41
-30
-23
-20
-28
-23
-21
-10
-13
-16
-12
-2
-21
-21
-9
-11
-18
-9
5
2
-18
-14
-19
-13
-6
-2
-10
-20
-16
-25
-20
-19
-20
-18
-11
-11
-22
-20
-22
-21
-31
-18
-20
-24
-29
-28
-32
-27
-27
-29
-11
-22
-18
-32
-18
-34
-32
-25
-19
-30
-38
-33
-19
-23
-15
-7
-13
-22
-22
-19
-32
-28
-27
-18
-29
-32
-40
-34
-28
-34
-33
-39
-19
-23
-37
-21
-10
-12
-17
-27
-18
-32
-34
-34
-27
-23
-22
-22
-15
-33
-38
-19
-23
-29
-40
-43
-35
-24
-33
-18
-16
-24
-34
-52
-36
-42
-34
-43
-38
-30
-30
-25
-31
-38
-42
-36
-23
-12
-32
-34
-29
-31
-27
-25
-24
-17
-40
-34
-21
-25
-31
-35
-39
-31
-40
-22
-16
-11
-36
-40
-40
-42
-48
-46
-36
-39
-46
-51
-50
-42
-46
-50
-30
-38
-29
-30
-18
-10
-8
-20
-29
-23
-29
-33
-38
-25
-35
-44
-51
-30
-38
-40
-46
-35
-41
-34
-39
-38
-39
-36
-26
-26
-36
-31
-33
-22
-37
-31
-39
-35
-30
-35
-36
-42
-46
-37
-34
-35
-40
-42
-21
-40
-41
-45
-31
-40
-43
-31
-37
-41
-27
-26
-31
-30
-49
-51
-26
-29
-40
-42
-38
-32
-34
-29
-35
-27
-42
-37
-32
-41
-37
-41
-32
-31
-51
-43
-43
-36
-31
-31
-33
-41
-44
-47
-39
-44
-55
-46
-38
-46
-37
-38
-29
-30
-39
-19
-23
-7
-26
-35
-29
-30
-34
-52
-34
-40
-46
-41
-49
-38
-34
-43
-31
-30
-38
-33
-20
-36
-46
-51
-36
-43
-56
-48
-46
-36
-29
-22
-23
-38
-63
-52
-33
-38
-47
-50
-31
-38
-38
-42
-40
-28
-15
-32
-39
-38
-39
-45
-32
-38
-38
-36
-31
-45
-61
-39
-31
-25
-35
-25
-32
-16
-34
-40
-34
-34
-44
-49
-49
-55
-61
-50
-48
-26
-42
-45
-44
-34
-38
-33
-19
-26
-20
-26
-20
-40
-45
-47
-44
-44
-40
-22
-30
-47
-55
-37
-25
-24
-24
-43
-33
-34
-60
-56
-50
-27
-29
-24
-33
-32
-53
-54
-50
-42
-46
-41
-28
-35
-45
-45
-23
-27
-23
-29
-34
-23
-28
-39
-37
-49
-57
-44
-37
-47
-48
-65
-44
-28
-27
-24
-30
-31
-37
-34
-27
-26
-28
-43
-41
-48
-52
-31
-29
-25
-47
-40
-45
-29
-34
-45
-36
-28
-31
-27
-11
-8
-37
-36
-43
-42
-40
-40
-38
-47
-56
-52
-53
-62
-42
-50
-34
-30
-38
-34
-19
-25
-31
-23
-27
-29
-44
-50
-44
-32
-43
-35
-15
-27
-37
-39
-37
-22
-39
-33
-32
-28
-33
-37
-42
-50
-53
-35
-32
-38
-42
-22
-15
-18
-32
-31
-34
-37
-56
-58
-48
-44
-46
-39
-34
-45
-48
-46
-43
-44
-38
-35
-25
-30
-41
-36
-31
-40
-34
-32
-29
-38
-31
-29
-48
-54
-53
-50
-43
-35
-52
-58
-43
-54
-50
-41
-26
-21
-37
-34
-35
-36
-42
-40
-38
-41
-40
-30
-27
-37
-40
-37
-32
-38
-49
-39
-33
-31
-41
-51
-31
-41
-45
-50
-33
-45
-30
-45
-30
-53
-44
-45
-40
-41
-51
-42
-43
-48
-50
-44
-51
-47
-37
-41
-39
-45
-45
-37
-36
-35
-43
-29
-28
-36
-49
-49
-38
-39
-35
-40
-26
-41
-50
-45
-43
-39
-31
-28
-34
-38
-48
-39
-39
-42
-36
-31
-19
-21
-43
-50
-52
-50
-53
-37
-42
-43
-39
-43
-38
-40
-34
-33
-18
-30
-49
-43
-36
-38
-38
-38
-50
-35
-34
-36
-32
-40
-45
-45
-36
-51
-60
-59
-47
-43
-36
-25
-19
-20
-36
-50
-30
-41
-46
-64
-53
-40
-37
-43
-56
-41
-49
-42
-39
-36
-36
-37
-51
-42
-46
-39
-35
-31
-39
-26
-34
-32
-39
-42
-31
-37
-47
-28
-17
-32
-41
-38
-49
-50
-46
-45
-47
-39
-49
-46
-28
-32
-45
-43
-42
-58
-40
-50
-31
-46
-48
-38
-35
-39
-45
-44
-44
-38
-50
-51
-40
-36
-43
-32
-48
-33
-36
-40
-33
-34
-54
-46
-24
-33
-46
-52
-43
-38
-30
-29
-42
-53
-50
-46
-48
-54
-40
-50
-30
-39
-42
-32
-38
-46
-45
-43
-35
-31
-41
-41
-40
-42
-47
-55
-53
-54
-44
-41
-36
-38
-39
-55
-40
-35
-46
-53
-39
-46
-56
-51
-38
-25
-30
-32
-23
-27
-38
-47
-38
-33
-37
-44
-46
-40
-45
-46
-32
-32
-34
-37
-26
-35
-30
-39
-41
-44
-46
-40
-34
-38
-45
-30
-20
-26
-42
-44
-30
-41
-47
-62
-41
-34
-47
-48
-44
-40
-49
-36
-22
-29
-49
-43
-26
-26
-34
-33
-32
-38
-52
-50
-43
-53
-47
-29
-36
-45
-43
-39
-45
-48
-43
-42
-41
-53
-54
-51
-41
-32
-30
-27
-33
-40
-46
-42
-36
-27
-31
-30
-33
-41
-56
-51
-39
-43
-41
-53
-35
-39
-47
-52
-40
-31
-29
-21
-11
-27
-39
-42
-42
-57
-39
-44
-28
-38
-42
-54
-41
-34
-46
-43
-29
-45
-43
-33
-29
-36
-39
-42
-41
-48
-58
-58
-42
-37
-44
-46
-37
-33
-44
-50
-55
-60
-49
-45
-30
-25
-39
-30
-18
-30
-35
-24
-36
-51
-58
-58
-61
-49
-47
-47
-37
-24
-39
-46
-39
-36
-44
-36
-20
-45
-47
-39
-31
-33
-42
-32
-23
-41
-45
-63
-45
-38
-40
-47
-46
-50
-42
-43
-54
-22
-51
-38
-49
-35
-47
-39
-39
-42
-40
-56
-37
-35
-54
-48
-53
-42
-42
-36
-38
-42
-48
-44
-45
-55
-41
-36
-38
-47
-50
-43
-40
-35
-31
-23
-41
-34
-42
-44
-30
-35
-33
-49
-31
-31
-45
-45
-50
-42
-60
-53
-56
-43
-41
-48
-50
-47
-44
-47
-25
-32
-31
-32
-41
-39
-34
-27
-31
-46
-41
-47
-36
-44
-51
-44
-34
-37
-54
-56
-53
-51
-49
-46
-27
-33
-39
-32
-25
-23
-39
-55
-45
-36
-50
-52
-43
-49
-63
-49
-59
-49
-56
-33
-21
-34
-38
-28
-37
-28
-45
-41
-38
-36
-33
-40
-47
-44
-53
-43
-45
-49
-58
-39
-38
-36
-44
-33
-52
-41
-56
-50
-42
-22
-37
-55
-52
-46
-53
-50
-37
-50
-47
-53
-45
-42
-50
-42
-43
-34
-51
-53
-34
-38
-30
-37
-45
-44
-34
-32
-42
-38
-45
-39
-33
-32
-44
-35
-28
-43
-48
-52
-39
-32
-37
-42
-42
-40
-45
-55
-39
-38
-54
-37
-27
-19
-32
-38
-30
-42
-49
-36
-47
-36
-52
-45
-41
-38
-47
-34
-56
-56
-66
-46
-33
-39
-41
-25
-38
-29
-39
-38
-25
-29
-21
-15
-24
-39
-44
-58
-49
-69
-55
-54
-42
-31
-44
-42
-44
-52
-53
-49
-37
-47
-46
-44
-29
-29
-39
-23
-35
-42
-42
-47
-52
-49
-59
-47
-23
-28
-24
-27
-9
-18
-34
-37
-48
-55
-64
-51
-35
-42
-52
-38
-26
-37
-41
-44
-37
-42
-47
-47
-42
-21
-27
-14
-15
-32
-54
-48
-50
-61
-49
-43
-35
-39
-34
-35
-26
-26
-38
-30
-37
-47
-54
-55
-48
-46
-49
-61
-50
-52
-28
-33
-35
-36
-35
-31
-29
-30
-34
-38
-43
-38
-46
-51
-50
-46
-44
-40
-39
-38
-44
-48
-43
-50
-45
-36
-41
-58
-52
-40
-30
-40
-47
-33
-48
-36
-35
-48
-52
-44
-45
-38
-26
-29
-28
-23
-32
-23
-35
-42
-47
-40
-37
-27
-21
-31
-40
-32
-39
-46
-49
-51
-33
-37
-37
-35
-38
-32
-42
-36
-32
-34
-46
-63
-50
-40
-37
-46
-50
-53
-42
-36
-39
-39
-34
-36
-24
-55
-39
-61
-35
-50
-21
-31
-34
-28
-40
-42
-45
-34
-23
-29
-18
-34
-31
-43
-32
-40
-37
-56
-48
-58
-43
-36
-39
-37
-38
-36
-26
-18
-34
-49
-28
-39
-31
-36
-18
-31
-31
-38
-30
-34
-40
-33
-33
-37
-50
-44
-42
-29
-37
-25
-32
-34
-42
-28
-30
-30
-55
-45
-43
-39
-42
-53
-43
-38
-35
-32
-29
-34
-43
-44
-51
-53
-27
-35
-29
-41
-51
-39
-27
-21
-18
-37
-22
-27
-30
-27
-29
-30
-40
-23
-49
-36
-35
-38
-35
-45
-52
-50
-28
-30
-43
-44
-42
-43
-51
-34
-43
-30
-35
-29
-27
-27
-33
-23
-19
-28
-38
-36
-46
-47
-42
-43
-35
-36
-50
-44
-37
-42
-42
-49
-41
-54
-37
-47
-30
-36
-41
-37
-24
-35
-43
-44
-49
-40
-43
-43
-35
-37
-35
-30
-29
-38
-47
-50
-45
-36
-34
-36
-33
-39
-37
-42
-26
-34
-37
-44
-47
-37
-45
-38
-39
-36
-56
-45
-49
-50
-50
-43
-29
-38
-52
-44
-47
-26
-24
-40
-45
-49
-58
-50
-42
-43
-36
-49
-50
-52
-65
-52
-34
-35
-44
-37
-38
-41
-50
-38
-36
-30
-31
-36
-31
-31
-38
-34
-34
-43
-50
-42
-35
-40
-51
-53
-38
-27
-29
-46
-33
-48
-46
-32
-42
-40
-41
-40
-27
-26
-29
-39
-30
-35
-41
-37
-44
-36
-47
-50
-50
-37
-50
-40
-35
-31
-43
-55
-47
-42
-54
-62
-38
-36
-34
-39
-42
-36
-42
-34
-36
-44
-35
-38
-37
-26
-40
-40
-35
-41
-52
-37
-43
-32
-37
-40
-30
-37
-46
-50
-44
-44
-34
-39
-34
-36
-24
-43
-18
-45
-35
-42
-27
-37
-52
-61
-48
-66
-53
-49
-44
-37
-30
-27
-34
-30
-42
-38
-37
-31
-42
-45
-35
-45
-28
-48
-42
-49
-38
-42
-27
-29
-37
-30
-32
-49
-48
-47
-37
-41
-35
-23
-33
-33
-23
-28
-38
-30
-50
-47
-51
-26
-55
-46
-48
-39
-42
-51
-38
-30
-43
-38
-38
-27
-25
-30
-32
-31
-38
-39
-32
-31
-29
-44
-26
-43
-44
-37
-37
-47
-42
-44
-28
-40
-45
-46
-34
-36
-41
-41
-35
-38
-37
-31
-29
-25
-34
-33
-34
-26
-47
-53
-54
-39
-56
-45
-27
-39
-53
-32
-38
-38
-43
-28
-31
-30
-35
-37
-33
-25
-31
-34
-38
-41
-51
-36
-31
-29
-33
-42
-24
-32
-29
-30
-31
-21
-21
-23
-29
-33
-40
-30
-35
-32
-37
-40
-30
-30
-34
-29
-37
-39
-35
-39
-37
-22
-22
-24
-30
-16
-28
-26
-16
-17
-29
-47
-31
-35
-38
-42
-29
-29
-29
-28
-30
-27
-36
-34
-27
-44
-46
-31
-22
-29
-34
-34
-16
-22
-19
-26
-34
-30
-31
-30
-31
-28
-34
-32
-29
-32
-29
-32
-8
-26
-37
-30
-24
-25
-33
-32
-29
-22
-35
-35
-35
-39
-34
-36
-18
-22
-29
-29
-35
-35
-37
-39
-38
-28
-22
-27
-25
-29
-32
-34
-40
-31
-27
-20
-15
-31
-36
-30
-35
-30
-42
-40
-26
-29
-31
-27
-18
-20
-25
-38
-27
-29
-29
-30
-29
-29
-41
-35
-25
-35
-31
-28
-32
-21
-43
-40
-40
-41
-50
-49
-27
-38
-32
-19
-6
-13
-8
-21
-18
-27
-29
-28
-31
-28
-36
-29
-26
-21
-20
-33
-31
-31
-26
-37
-36
-28
-45
-30
-27
-26
-26
-26
-23
-19
-26
-28
-26
-36
-24
-37
-22
-20
-11
-32
-48
-50
-50
-31
-20
-30
-35
-32
-17
-13
-13
-26
-18
-31
-31
-40
-34
-23
-37
-32
-30
-38
-38
-38
-27
-27
-27
-26
-14
-12
-37
-33
-43
-24
-26
-36
-18
-12
-29
-31
-27
-26
-22
-28
-20
-30
-46
-37
-44
-40
-36
-28
-26
-21
-18
-35
-27
-26
-30
-29
-32
-36
-32
-27
-18
-19
-30
-38
-45
-45
-39
-40
-28
-28
-28
-25
-38
-30
-27
-35
-45
-37
-58
-42
-31
-35
-39
-36
-31
-36
-33
-36
-21
-19
-37
-32
-34
-31
-33
-36
-34
-47
-54
-38
-22
-37
-23
-29
-5
-32
-46
-36
-35
-23
-33
-49
-54
-33
-27
-21
-24
-36
-43
-34
-35
-37
-46
-50
-36
-32
-52
-42
-37
-34
-29
-25
-29
-14
-13
-31
-28
-34
-40
-34
-27
-43
-44
-34
-32
-34
-47
-43
-50
-38
-42
-44
-37
-34
-30
-34
-23
-17
-21
-28
-30
-25
-43
-47
-38
-53
-54
-55
-42
-36
-32
-34
-48
-48
-40
-28
-24
-21
-31
-27
-22
-18
-42
-41
-21
-33
-43
-42
-34
-48
-37
-33
-34
-28
-40
-48
-46
-50
-42
-47
-29
-47
-40
-23
-28
-39
-37
-33
-20
-27
-33
-39
-27
-34
-27
-28
-28
-34
-37
-45
-56
-48
-43
-32
-32
-26
-45
-41
-25
-30
-32
-38
-18
-24
-31
-29
-35
-44
-41
-26
-30
-38
-48
-39
-30
-35
-30
-30
-19
-31
-38
-41
-40
-36
-33
-46
-45
-42
-43
-35
-23
-25
-43
-43
-40
-38
-40
-27
-47
-44
-43
-33
-37
-29
-40
-35
-24
-18
-25
-23
-7
-17
-26
-22
-33
-42
-37
-30
-23
-31
-34
-49
-40
-36
-27
-39
-13
-23
-26
-35
-43
-32
-44
-53
-34
-41
-43
-37
-16
-15
-17
-26
-25
-29
-34
-42
-42
-19
-33
-38
-42
-41
-42
-35
-35
-31
-29
-12
-9
-15
-27
-40
-27
-29
-33
-23
-30
-21
-33
-39
-37
-47
-23
-29
-18
-27
-35
-48
-37
-7
-27
-34
-40
-38
-42
-32
-32
-36
-25
-21
-27
-40
-42
-23
-22
-26
-42
-45
-44
-28
-35
-46
-32
-18
-26
-35
-40
-36
-37
-28
-37
-39
-52
-38
-36
-30
-38
-21
-20
-26
-29
-44
-17
-34
-32
-34
-20
-25
-27
-26
-31
-22
-35
-37
-33
-21
-30
-27
-29
-38
-30
-29
-22
-25
-32
-35
-34
-26
-22
-30
-32
-42
-36
-30
-28
-19
-30
-29
-25
-24
-22
-23
-21
-27
-43
-44
-30
-29
-33
-32
-19
-30
-39
-35
-34
-38
-29
-32
-13
-27
-33
-33
-24
-16
-16
-28
-27
-32
-52
-32
-26
-31
-40
-37
-28
-36
-42
-32
-24
-35
-49
-47
-38
-30
-40
-42
-51
-40
-39
-24
-23
-24
-19
-32
-26
-41
-44
-42
-36
-37
-32
-32
-23
-33
-51
-39
-39
-46
-35
-28
-32
-24
-26
-39
-22
-36
-22
-26
-19
-22
-22
-29
-25
-26
-45
-31
-26
-24
-36
-45
-25
-22
-25
-26
-39
-38
-38
-24
-14
-19
-30
-26
-26
-21
-30
-39
-38
-29
-20
-29
-27
-38
-32
-43
-26
-38
-39
-37
-27
-23
-13
-20
-26
-51
-45
-49
-42
-37
-33
-29
-40
-47
-41
-35
-41
-34
-28
-23
-22
-25
-28
-30
-27
-24
-28
-26
-33
-37
-47
-41
-42
-45
-38
-40
-36
-39
-22
-27
-39
-34
-50
-47
-28
-27
-50
-53
-42
-26
-20
-29
-32
-26
-33
-35
-24
-35
-49
-48
-42
-45
-50
-44
-48
-33
-30
-34
-22
-33
-41
-48
-51
-40
-49
-31
-32
-37
-48
-37
-27
-45
-40
-38
-33
-38
-50
-51
-44
-42
-39
-46
-33
-40
-33
-28
-25
-25
-26
-33
-22
-26
-27
-26
-27
-38
-38
-40
-41
-34
-38
-39
-34
-37
-41
-34
-34
-27
-33
-43
-37
-29
-32
-10
-17
-23
-28
-28
-23
-22
-28
-34
-30
-38
-35
-39
-48
-50
-45
-39
-44
-39
-45
-45
-24
-22
-27
-35
-11
-13
-15
-13
-27
-30
-32
-34
-39
-41
-37
-39
-41
-41
-40
-33
-24
-24
-46
-44
-48
-32
-50
-30
-30
-28
-35
-31
-37
-33
-21
-36
-28
-35
-41
-38
-44
-40
-61
-43
-30
-33
-19
-43
-49
-26
-13
-30
-12
-61
-48
-75
-42
-68
-53
-73
-54
-67
-51
-50
-26
2
5
22
11
14
-6
-10
-32
-25
-17
-23
-18
-36
-31
-39
-38
-47
-61
-69
-64
-45
-64
-59
-56
-38
-34
-39
-14
-19
-37
-28
-41
-35
-31
-17
-11
-18
-47
-54
-46
-37
-38
-38
-32
-34
-53
-55
-52
-36
-19
-13
-3
-20
-34
-48
-34
-19
-22
-7
-10
-18
-16
-8
-1
-10
-24
-27
-35
-42
-35
-38
-32
2
67
313
675
1120
1566
1900
2022
1931
1658
1333
996
721
492
333
212
136
59
35
29
-11
-30
-26
-29
-29
-38
-47
-37
-24
-62
-50
-50
-23
-34
-12
-38
-34
-46
-25
-29
-35
-47
-38
-53
-40
-54
-51
-62
-56
-77
-64
-70
-76
-72
-77
-72
-76
-74
-69
-52
-66
-60
-63
-49
-46
-61
-74
-65
-60
-62
-62
-71
-70
-58
-68
-68
-75
-79
-73
-79
-71
-70
-66
-69
-52
-64
-63
-62
-56
-69
-69
-65
-55
-74
-81
-100
-106
-129
-129
-131
-99
-88
-66
-55
-46
-47
-43
-47
-50
-55
-56
-59
-55
-64
-61
-45
-55
-62
-52
-39
-45
-45
-56
-40
-48
-39
-50
-40
-41
-65
-58
-63
-66
-78
-61
-56
-51
-56
-63
-54
-69
-79
-55
-67
-50
-64
-59
-56
-62
-63
-68
-67
-66
-67
-57
-58
-61
-78
-71
-65
-61
-74
-75
-72
-67
-67
-65
-66
-63
-60
-72
-58
-59
-67
-73
-60
-61
-73
-57
-72
-56
-74
-69
-69
-66
-72
-61
-44
-46
-60
-62
-60
-53
-63
-64
-70
-66
-68
-76
-58
-80
-70
-68
-60
-72
-65
-67
-62
-61
-73
-67
-51
-52
-49
-49
-54
-52
-59
-64
-61
-53
-66
-72
-67
-51
-70
-67
-46
-50
-64
-67
-58
-59
-70
-61
-56
-54
-59
-65
-70
-68
-79
-62
-56
-64
-72
-73
-75
-82
-73
-74
-73
-70
-62
-67
-64
-70
-56
-62
-77
-69
-63
-68
-50
-60
-53
-55
-45
-58
-66
-67
-69
-48
-69
-60
-59
-66
-80
-79
-71
-80
-79
-68
-63
-68
-78
-73
-64
-50
-62
-70
-60
-70
-73
-66
-62
-61
-47
-47
-52
-83
-78
-74
-66
-66
-59
-60
-54
-58
-62
-70
-53
-52
-69
-68
-66
-60
-59
-57
-52
-52
-56
-60
-56
-44
-57
-69
-63
-54
-60
-53
-50
-55
-62
-69
-72
-63
-58
-58
-58
-69
-63
-74
-67
-64
-56
-50
-50
-57
-68
-70
-65
-52
-61
-59
-58
-63
-66
-71
-66
-58
-54
-54
-35
-48
-54
-62
-58
-55
-77
-78
-68
-59
-75
-79
-61
-61
-53
-58
-59
-66
-65
-69
-66
-55
-47
-38
-43
-54
-80
-68
-58
-48
-56
-53
-43
-69
-66
-57
-64
-56
-72
-58
-45
-66
-69
-67
-51
-47
-53
-52
-50
-53
-73
-65
-58
-44
-43
-55
-65
-69
-53
-61
-59
-51
-57
-64
-62
-60
-56
-56
-65
-47
-57
-58
-48
-47
-58
-53
-61
-57
-47
-51
-54
-77
-68
-76
-61
-63
-57
-65
-50
-47
-52
-60
-56
-49
-46
-54
-36
-52
-60
-51
-47
-48
-55
-51
-43
-41
-62
-63
-66
-66
-60
-61
-62
-54
-60
-59
-55
-53
-56
-55
-48
-50
-46
-46
-46
-39
-44
-42
-47
-37
-45
-45
-54
-41
-46
-42
-44
-47
-56
-46
-47
-45
-36
-44
-46
-51
-53
-48
-43
-32
-38
-44
-48
-45
-60
-53
-45
-49
-49
-51
-53
-58
-55
-42
-46
-39
-44
-45
-45
-46
-49
-45
-46
-47
-52
-60
-56
-55
-62
-60
-47
-64
-68
-54
-46
-46
-45
-50
-41
-38
-54
-50
-39
-42
-38
-31
-24
-36
-36
-37
-41
-45
-66
-74
-52
-56
-38
-36
-34
-36
-42
-49
-46
-41
-38
-49
-54
-49
-52
-50
-47
-34
-31
-22
-19
-23
-22
-29
-39
-41
-50
-62
-58
-63
-62
-62
-53
-45
-40
-46
-35
-49
-46
-54
-42
-29
-28
-20
-17
-28
-27
-48
-43
-46
-42
-45
-58
-47
-48
-38
-46
-43
-60
-50
-39
-32
-55
-47
-36
-23
-34
-26
-27
-16
-37
-29
-31
-29
-28
-15
-17
-26
-46
-36
-37
-46
-43
-36
-22
-32
-46
-49
-37
-33
-25
-34
-27
-24
-33
-37
-28
-24
-35
-36
-30
-45
-52
-45
-31
-40
-51
-42
-47
-42
-47
-34
-31
-18
-21
-21
-24
-24
-23
-33
-48
-47
-45
-45
-42
-46
-50
-45
-34
-39
-43
-39
-24
-35
-40
-32
-32
-34
-28
-26
-14
-27
-33
-35
-28
-42
-40
-43
-23
-25
-31
-36
-44
-43
-49
-43
-51
-25
-38
-28
-20
-32
-32
-25
-13
-32
-43
-45
-53
-34
-37
-29
-33
-29
-36
-37
-39
-50
-50
-46
-42
-58
-47
-40
-37
-33
-27
-8
-15
-20
-36
-40
-25
-18
-6
-20
-26
-40
-35
-50
-47
-43
-49
-40
-40
-41
-42
-35
-27
-27
-28
-36
-39
-22
-32
-31
-29
-37
-45
-35
-41
-44
-45
-50
-38
-42
-32
-37
-14
-17
-23
-45
-40
-35
-32
-19
-25
-44
-57
-44
-31
-37
-43
-50
-32
-32
-39
-35
-32
-43
-37
-49
-42
-37
-47
-39
-39
-41
-52
-30
-19
-29
-31
-20
-28
-29
-37
-41
-30
-32
-48
-55
-48
-54
-48
-45
-40
-33
-36
-27
-26
-25
-18
-27
-29
-33
-48
-48
-45
-45
-45
-54
-42
-32
-32
-41
-33
-23
-37
-42
-40
-46
-45
-44
-52
-48
-47
-40
-30
-28
-32
-41
-38
-43
-43
-28
-16
-45
-50
-52
-54
-52
-53
-44
-31
-37
-50
-60
-42
-37
-38
-32
-23
-20
-31
-35
-29
-19
-30
-40
-45
-55
-54
-34
-48
-49
-46
-46
-39
-27
-37
-36
-32
-39
-36
-36
-37
-37
-36
-35
-45
-51
-46
-45
-30
-37
-51
-40
-38
-42
-44
-46
-35
-31
-30
-39
-35
-32
-34
-35
-37
-36
-35
-27
-35
-33
-33
-37
-20
-33
-49
-49
-37
-50
-38
-42
-34
-42
-40
-42
-44
-50
-43
-29
-22
-25
-42
-40
-42
-36
-37
-41
-24
-12
-28
-32
-29
-35
-43
-43
-46
-52
-49
-34
-29
-40
-36
-31
-29
-34
-35
-36
-18
-27
-34
-37
-27
-27
-32
-32
-30
-31
-34
-38
-44
-44
-44
-30
-26
-30
-32
-37
-15
-22
-36
-43
-45
-22
-22
-29
-29
-27
-27
-28
-28
-29
-43
-34
-14
-27
-25
-26
-22
-20
-26
-32
-20
-34
-34
-34
-23
-25
-29
-34
-26
-33
-37
-29
-35
-47
-37
-20
-30
-23
-31
-27
-33
-23
-26
-22
-21
-29
-30
-39
-23
-18
-35
-31
-17
-12
-29
-38
-35
-32
-29
-25
-25
-26
-22
-26
-22
-27
-38
-40
-32
-35
-36
-35
-24
-11
-9
-12
-12
-19
-24
-33
-32
-28
-32
-27
-25
-27
-31
-22
-26
-32
-32
-33
-27
-22
-31
-28
-32
-24
-28
-19
-19
-20
-19
-29
-19
-22
-15
-29
-24
-37
-40
-28
-24
-32
-26
-27
-19
-27
-31
-27
-20
-11
-17
-10
-7
-12
-25
-34
-27
-36
-34
-41
-33
-20
-30
-30
-18
-27
-20
-19
-31
-39
-38
-39
-29
-15
-31
-21
-20
-20
-32
-23
-12
-22
-28
-39
-27
-21
-22
-21
-20
-21
-16
-26
-15
-12
-38
-26
-16
-25
-13
-27
-7
-11
-20
-8
0
-16
-20
-39
-43
-17
-22
-30
-18
-18
-35
-41
-24
-38
-49
-36
-32
-32
-40
-34
-31
-21
-26
-16
-17
-12
-18
-24
-22
-27
-31
-20
-14
-19
-41
-38
-34
-40
-45
-50
-36
-22
-19
-29
-6
-17
-17
-19
-15
-24
-27
-13
-21
-32
-39
-30
-35
-29
-34
-45
-41
-39
-39
-40
-25
-22
-13
-9
-36
-25
-36
-28
-17
-22
-28
-34
-25
-23
-28
-36
-30
-33
-25
-26
-20
-24
-35
-35
-34
-31
-38
-44
-35
-42
-35
-35
-12
-10
-21
-19
-19
-16
-35
-30
-20
-34
-21
-21
-21
-40
-44
-45
-43
-50
-63
-41
-32
-23
-43
-28
-43
-34
-38
-23
-13
-11
-18
-14
-16
-26
-24
-36
-35
-46
-47
-52
-40
-34
-26
-32
-28
-26
-39
-52
-38
-20
-34
-27
-33
-41
-52
-24
-26
-32
-32
-30
-21
-23
-31
-31
-29
-19
-19
-22
-39
-48
-56
-37
-31
-29
-29
-38
-28
-21
-36
-46
-49
-31
-35
-24
-29
-27
-28
-36
-41
-38
-25
-30
-23
-45
-34
-32
-36
-37
-30
-17
-30
-36
-42
-39
-29
-32
-45
-59
-36
-33
-41
-35
-36
-30
-42
-40
-35
-21
-34
-35
-36
-38
-40
-46
-33
-40
-37
-27
-26
-23
-29
-18
-20
-27
-40
-40
-30
-28
-25
-26
-27
-30
-30
-39
-36
-26
-34
-31
-27
-29
-40
-46
-27
-39
-24
-47
-16
-36
-21
-36
-14
-37
-32
-38
-24
-22
-39
-24
-36
-20
-31
-30
-34
-23
-31
-14
-36
-29
-42
-20
-32
-36
-46
-50
-32
-47
-32
-54
-32
-28
-30
-32
-34
-18
-24
-28
-27
-33
-41
-30
-29
-25
-28
-28
-14
-19
-37
-55
-35
-22
-22
-22
-19
-22
-13
-23
-24
-37
-42
-23
-16
-32
-44
-30
-41
-33
-32
-35
-22
-17
-33
-28
-30
-34
-28
-37
-31
-20
-22
-20
-28
-36
-34
-27
-22
-15
-34
-34
-19
-14
-10
-3
-27
-31
-54
-38
-44
-33
-32
-21
-25
-28
-42
-42
-31
-19
-26
-36
-14
-11
-29
-26
-40
-23
-33
-13
-5
-2
-13
-19
-35
-42
-37
-30
-11
-27
-36
-34
-40
-14
-27
-29
-18
-30
-35
-38
-26
-20
-13
-17
-20
-20
-30
-22
-30
-30
-34
-46
-28
-32
-47
-42
-26
-19
-23
-17
-38
-28
-26
-13
-29
-26
-36
-31
-36
-31
-34
-26
-10
-9
-22
-29
-8
-15
-19
-28
-25
-22
-22
-13
-15
-22
-25
-19
-29
-14
-29
-31
-12
-9
-17
-24
-29
-27
-29
-34
-33
-34
-44
-35
-35
-36
-39
-32
-23
-20
-22
-20
-22
-10
-22
-33
-44
-27
-23
-15
-17
-14
-32
-31
-23
-31
-29
-19
-17
-27
-36
-36
-23
-24
-32
-22
-31
-27
-20
-30
-37
-32
-43
-30
-29
-14
-30
-24
-21
-24
-29
-36
-34
-33
-37
-37
-38
-36
-41
-30
-32
-23
-36
-29
-26
-17
-22
-18
-18
-34
-35
-28
-30
-30
-30
-27
-32
-24
-38
-47
-33
-35
-46
-36
-26
-38
-28
-31
-25
-34
-41
-47
-45
-37
-42
-41
-42
-43
-40
-30
-16
-19
-24
-28
-21
-31
-43
-41
-29
-22
-34
-30
-10
-22
-35
-36
-26
-23
-29
-30
-18
-16
-12
-26
-17
-28
-31
-32
-29
-32
-37
-34
-30
-22
-35
-35
-22
-32
-36
-39
-20
-21
-24
-21
-31
-45
-45
-37
-30
-29
-38
-42
-36
-27
-35
-42
-36
-28
-33
-19
-34
-24
-33
-40
-25
-29
-40
-51
-34
-34
-30
-17
-19
-18
-24
-24
-18
-26
-30
-36
-27
-33
-32
-24
-27
-48
-39
-36
-32
-29
-34
-25
-10
-11
-36
-30
-31
-22
-20
-36
-29
-35
-43
-44
-50
-44
-46
-19
-21
-19
-39
-32
-31
-16
-28
-39
-45
-33
-53
-40
-39
-37
-37
-47
-45
-37
-52
-44
-51
-45
-46
-37
-4
-25
-27
-30
-29
-15
-25
-32
-36
-31
-38
-35
-23
-23
-24
-37
-36
-46
-49
-45
-34
-17
-63
-44
-37
-44
-15
-26
-27
-18
-33
-42
-33
-36
-27
-40
-37
-42
-26
-46
-21
-21
-21
-34
-21
-18
-15
-36
-34
-31
-42
-51
-30
-36
-42
-29
-34
-38
-29
-19
-22
-35
-39
-44
-40
-41
-52
-48
-46
-33
-39
-42
-47
-38
-37
-26
-29
-29
-41
-43
-29
-35
-52
-44
-49
-24
-25
-23
-28
-40
-43
-47
-25
-62
-46
-51
-32
-35
-15
-20
-22
0
-36
-16
-30
-13
-22
-40
-26
-49
-34
-36
-34
-28
-35
-24
-45
-60
-170
-371
-765
-1223
-1725
-2098
-2271
-2170
-1946
-1587
-1233
-910
-668
-464
-328
-223
-169
-102
-82
-59
-76
-52
-46
-45
-45
-51
-46
-33
-38
-31
-28
-23
-32
-25
-35
-23
-20
-17
-5
-13
-12
-24
-10
-8
-21
-15
-8
3
-8
2
14
17
-4
13
2
3
6
8
19
6
15
10
11
10
-7
15
10
19
-15
-8
-17
-9
4
3
12
-4
-1
11
33
29
19
11
24
29
7
3
1
2
5
-1
15
11
6
10
24
38
41
55
59
43
1
-14
1
-27
-35
-36
-24
-18
-22
-15
-9
3
4
6
2
7
-4
5
8
1
-3
-5
3
-3
-1
-7
11
1
-9
8
10
4
-1
1
10
18
16
0
5
3
4
4
17
16
-6
-1
1
4
-7
7
10
19
22
10
5
2
2
5
2
11
2
20
11
10
-5
-11
4
4
1
-9
3
-1
-2
-13
-1
4
-2
-1
-2
7
-5
-14
-1
3
13
5
21
2
-1
-5
1
18
-3
-3
0
4
-2
1
-14
-14
-1
9
22
17
9
-1
10
10
0
3
10
20
0
4
1
-17
0
1
-3
1
-15
4
-6
-11
-28
-20
-4
-1
-10
-22
6
5
10
13
14
-4
-1
-13
-2
-2
-3
2
10
16
-7
-12
-7
4
-2
-9
-1
7
-5
16
-8
5
-1
19
7
18
0
3
12
-6
-8
-14
2
1
-9
-13
8
16
2
-5
8
-6
4
-2
-6
-10
-4
7
11
1
-15
5
5
12
-2
1
6
10
2
-16
-3
-5
5
-7
-11
-11
-17
-2
13
10
-14
-8
7
15
-3
3
-2
8
13
-5
6
-3
-5
-17
-5
-13
-7
-2
-2
13
-4
-13
-3
3
11
2
16
16
-3
-11
-12
-5
-5
-3
-4
6
5
4
2
-11
5
-5
5
3
-7
-11
-8
-6
-21
-7
-21
11
4
9
-5
-9
-20
-7
-1
-8
-7
-2
6
5
-9
-6
-5
13
5
-16
-8
1
21
16
12
-13
-15
2
-2
-8
-20
-15
-13
-1
-14
-6
14
2
2
-4
6
7
-3
-5
-14
6
-9
14
3
-6
-11
0
4
4
1
-5
5
16
12
14
-13
-20
-16
7
-2
-8
-24
-14
1
1
1
-7
17
8
-16
-19
-14
6
-8
-7
-10
4
0
-10
-11
1
-11
-23
-5
-10
-16
2
-5
-6
-10
-8
-3
7
-3
-7
9
2
10
10
14
7
10
17
8
3
-19
-12
-6
-2
-19
-24
-2
-3
17
1
4
-13
5
3
1
9
8
6
6
-5
-18
-10
4
-6
3
-1
12
8
6
-7
-7
9
2
10
-7
-9
-23
-7
-10
-6
-10
-3
9
14
-8
-7
-1
-15
-15
-4
1
6
5
-5
1
-2
3
-1
6
-15
-15
-2
5
10
-19
-16
3
2
-7
-2
-13
-17
-12
-11
-6
-6
4
-5
-11
-12
-9
-11
-6
-5
-14
7
17
1
-11
2
7
15
13
1
0
6
0
-11
-9
-6
-9
-18
-18
-3
-13
-13
9
10
6
1
2
7
12
13
6
1
-4
-9
3
-10
-8
-13
-4
-8
-6
-5
0
7
-10
-1
-17
-9
0
7
2
11
16
11
-11
-12
-6
-1
4
-7
-12
-11
6
6
-8
-7
-1
-1
6
2
-2
-24
-14
-15
-13
-3
4
6
18
10
6
5
-2
-1
-14
-26
-13
-27
-19
-10
-4
-2
-3
-7
4
-1
-7
-6
-11
-7
-13
-7
3
1
-12
-5
-13
-9
-6
4
-1
-6
2
-3
-3
-24
-22
-18
-9
-10
-18
-6
-7
4
3
-11
-1
-10
-36
-26
-25
-15
-4
-5
7
14
-13
-31
-24
-15
-19
-8
-2
9
-13
-20
-39
-26
-20
-25
-22
-15
-5
-13
-16
-17
-18
-5
1
-3
-18
-22
-15
-27
-26
-24
-19
-10
-13
-19
-8
-12
-14
-19
-22
-13
-4
-10
-14
-11
-6
-3
6
-5
2
1
-10
-11
-29
-30
-25
-20
-31
-21
-6
-15
-16
-18
-9
-6
-9
-5
-2
0
-13
-21
-19
-16
-26
-36
-26
-24
-10
-8
1
-9
-15
-19
-13
-20
-16
-19
-12
-24
-37
-27
-4
1
4
-10
4
-17
-30
-19
-4
-19
-21
-10
-29
-17
-26
-26
-21
-15
-20
-18
-17
-20
-8
-17
-18
-7
-25
-23
-22
-21
-27
-29
-27
-30
-32
-21
-18
-19
-8
-19
-11
-8
-12
-26
-28
-33
-31
-24
-9
-18
-5
-20
-5
-16
-1
-5
-6
-12
-23
-24
-30
-27
-30
-19
-20
-12
-26
-16
-13
-11
-18
-20
-8
-4
-10
-8
0
2
-20
-27
-10
-3
-12
-32
-12
-26
-17
-20
-14
-31
-36
-22
-14
-15
-24
-22
-10
-5
-18
-34
-18
-15
-21
-20
-17
-10
-9
-4
-5
-11
-18
-31
-29
-22
-9
-21
-12
-9
-17
-17
-21
-43
-37
-23
-19
-8
-21
-14
-14
-28
-30
-28
-27
-31
-38
-22
-17
-21
-24
-15
-10
-4
-14
-24
-26
-26
-16
-21
-13
-13
-6
-16
2
-16
-14
-16
-10
-21
-38
-29
-26
-22
-27
-31
-18
-12
-17
-29
-21
-21
-28
-13
-6
-5
-16
-17
-14
-21
-23
-10
-13
-17
-38
-35
-34
-28
-22
-21
-16
-18
-22
-14
-8
-23
-19
-23
-2
-12
-10
-18
-14
-30
-22
-18
-21
-20
-12
-12
-8
-13
-15
-26
-21
-24
-29
-24
-29
-19
-25
-18
-14
-6
-17
-29
-17
-13
-18
-24
-22
-25
-16
-15
-31
-26
-20
-19
-22
-21
-33
-32
-10
-9
-15
-27
-10
-18
-43
-33
-38
-24
-26
-12
-31
-22
-37
-12
-14
-18
-41
-26
-22
-17
-20
-13
-22
-15
-15
-17
-2
-12
-20
-3
-13
-4
-8
-20
-18
-23
-28
-17
-9
-10
-26
-18
-19
-17
-18
-31
-29
-32
-22
-6
-19
-17
-17
-23
-26
-19
-21
-15
-19
-15
-32
-27
-22
-19
-13
-21
-18
-25
-29
-28
-24
-27
-32
-18
-10
-14
-18
-12
-15
-27
-28
-26
-22
-19
-18
-32
-16
-13
-15
-5
-13
-21
-23
-26
-23
-30
-13
-22
-1
-9
-9
-18
-9
-18
-22
-20
-22
-15
-21
-23
-16
-24
-42
-38
-20
-21
-34
-22
-31
-23
-25
-24
-21
-25
-29
-28
-26
-12
-25
-28
-18
-21
-19
-11
2
-10
-23
-26
-21
-23
-30
-37
-20
-22
-23
-36
-22
-41
-38
-47
-18
-26
-17
-18
-12
-27
-31
-29
-31
-26
-30
-23
-21
-22
-35
-30
-29
-24
-27
-28
-16
-18
-20
-22
-25
-20
-29
-30
-29
-21
-32
-24
-23
-18
-32
-31
-31
-18
-28
-26
-27
-46
-49
-41
-29
-35
-35
-36
-15
-16
-24
-17
-10
-22
-36
-36
-27
-30
-20
-11
-20
-24
-34
-39
-35
-28
-29
-31
-30
-22
-31
-31
-33
-19
-25
-31
-25
-37
-33
-30
-37
-48
-42
-39
-32
-26
-30
-39
-30
-34
-27
-36
-26
-36
-27
-32
-20
-8
-22
-20
-22
-31
-44
-19
-24
-20
-30
-28
-19
-36
-38
-27
-25
-21
-35
-33
-30
-28
-42
-26
-32
-23
-34
-24
-25
-47
-46
-42
-35
-39
-39
-32
-25
-20
-31
-36
-46
-32
-32
-36
-33
-44
-45
-39
-31
-28
-29
-14
-13
-19
-36
-34
-30
-34
-27
-35
-27
-38
-52
-34
-30
-32
-44
-34
-34
-17
-25
-26
-33
-28
-30
-24
-16
-29
-33
-37
-36
-35
-40
-27
-16
-18
-22
-20
-23
-40
-52
-47
-35
-41
-53
-54
-42
-36
-33
-43
-43
-41
-45
-40
-37
-40
-25
-40
-29
-35
-49
-47
-40
-39
-45
-43
-26
-19
-41
-42
-32
-32
-28
-33
-33
-36
-38
-31
-34
-38
-46
-32
-31
-33
-42
-25
-24
-31
-26
-33
-22
-22
-18
-34
-40
-29
-38
-16
-22
-23
-34
-35
-28
-51
-40
-39
-24
-33
-49
-38
-43
-39
-37
-45
-45
-18
-14
-19
-31
-36
-54
-37
-27
-23
-38
-19
-21
-22
-32
-24
-25
-23
-23
-23
-21
-35
-31
-30
-16
-28
-46
-33
-21
-27
-29
-27
-26
-35
-35
-47
-48
-44
-42
-52
-24
-26
-23
-27
-29
-31
-41
-25
-34
-30
-39
-38
-22
-28
-34
-27
-22
-34
-41
-28
-40
-32
-43
-32
-27
-28
-31
-37
-27
-28
-38
-37
-34
-30
-34
-43
-24
-23
-37
-28
-22
-24
-35
-33
-33
-27
-18
-16
-4
-14
-23
-37
-18
-17
-16
-35
-28
-39
-58
-52
-50
-29
-8
-4
0
-21
-30
-37
-30
-17
-22
-17
-20
-25
-43
-43
-17
-5
-20
-23
-38
-34
-55
-47
-29
-28
-27
-31
-40
-41
-44
-42
-20
-16
-24
-24
-17
-32
-33
-27
-15
-13
-14
-29
-32
-46
-36
-35
-28
-20
-16
-20
-19
-21
-28
-31
-16
-9
-16
-4
-12
-23
-35
-24
-28
-31
-35
-42
-37
-49
-44
-37
-33
-12
-5
-15
-14
-19
-36
-37
-35
-24
-22
-20
-32
-44
-64
-53
-23
-26
-28
-11
-18
-29
-26
-15
-6
2
-9
-30
-38
-50
-54
-38
-39
-39
-47
-44
-43
-38
-38
-27
-6
-6
-23
-36
-21
-10
-20
-14
-20
-10
-35
-47
-62
-51
-49
-33
-22
-15
-16
-32
-24
-23
-28
-11
-19
-25
-18
-17
-26
-27
-29
-30
-23
-25
-28
-27
-37
-44
-50
-38
-35
-26
-30
-35
-35
-28
-31
-31
-22
-13
-15
-33
-22
-48
-39
-46
-47
-53
-47
-33
-30
-35
-29
-24
-23
-19
-19
-36
-21
-24
-21
-37
-36
-45
-64
-59
-50
-38
-41
-30
-27
-35
-41
-36
-26
-19
-17
-16
-20
-27
-41
-34
-44
-35
-37
-17
-28
-39
-37
-46
-27
-31
-29
-27
-33
-32
-33
-34
-45
-36
-35
-32
-33
-40
-37
-38
-30
-39
-36
-26
-32
-29
-39
-25
-20
-29
-51
-60
-46
-37
-30
-29
-22
-33
-35
-30
-47
-47
-50
-32
-15
-17
-32
-41
-41
-37
-42
-42
-21
-20
-39
-27
-31
-33
-24
-14
-33
-30
-50
-57
-38
-40
-36
-33
-21
-27
-38
-39
-28
-27
-26
-22
-27
-27
-30
-31
-38
-47
-45
-29
-32
-38
-49
-50
-45
-40
-46
-37
-36
-30
-36
-27
-33
-27
-25
-35
-16
-25
-22
-24
-25
-42
-35
-34
-33
-35
-47
-52
-46
-32
-22
-30
-29
-30
-27
-26
-30
-40
-46
-36
-25
-36
-37
-36
-25
-18
-26
-26
-25
-35
-43
-41
-39
-45
-53
-50
-48
-26
-28
-29
-29
-34
-45
-34
-30
-30
-23
-36
-43
-30
-34
-26
-35
-25
-34
-31
-35
-50
-46
-39
-21
-44
-44
-46
-43
-34
-28
-38
-26
-21
31
-21
-16
-17
-23
-38
-36
-30
-62
-36
-53
-16
-66
-43
-39
-23
-37
-10
7
-2
-56
-1
-57
-6
-58
-8
-62
-16
-48
9
-18
-18
-24
-21
-26
-32
-50
-66
-37
-40
-49
-36
-40
-28
-32
-22
-29
-37
-35
-14
-14
-20
-43
-54
-38
-26
-4
-10
-18
-20
-22
-27
-8
-27
-45
-62
-34
-38
-48
-62
-42
-47
-6
-19
-18
-38
-44
-28
-4
-5
-28
-47
-51
-35
-15
-15
-14
-4
-12
0
-42
-155
-601
-1528
-3066
-4922
-6826
-8520
-9907
-10987
-11760
-12304
-12677
-12952
-13118
-13222
-13315
-13356
-13408
-13431
-13424
-13333
-12945
-12028
-10527
-8746
-6851
-5148
-3711
-2621
-1802
-1261
-844
-567
-416
-299
-210
-152
-91
-56
-38
-8
27
32
85
95
105
136
184
201
189
226
254
274
278
319
346
362
380
397
451
445
423
434
441
443
447
462
466
489
470
481
491
493
472
485
502
514
523
535
531
545
564
584
597
595
571
569
574
579
567
560
572
593
610
629
683
730
796
807
814
783
756
739
729
699
680
651
634
615
591
578
565
551
513
479
414
360
322
284
297
290
297
324
362
376
384
425
442
466
448
457
461
468
460
462
456
467
469
466
474
471
466
480
475
491
475
492
525
526
500
498
517
506
509
506
525
517
515
511
528
511
518
517
510
513
512
528
520
519
526
526
526
520
525
530
522
521
508
512
508
523
501
521
534
530
534
536
537
541
515
521
523
530
534
527
536
536
530
532
547
536
541
536
561
541
535
547
538
531
518
531
536
545
510
526
543
533
530
534
512
510
497
507
520
529
506
512
538
527
510
505
521
538
522
522
511
528
519
518
506
515
512
516
520
508
499
503
516
507
519
513
525
509
501
497
504
515
518
516
508
497
489
485
502
501
504
501
506
482
458
478
487
502
486
496
490
491
474
471
484
490
497
497
497
488
476
477
479
475
478
486
491
494
481
476
482
477
490
481
491
471
472
480
482
482
466
481
492
488
461
468
472
464
462
459
472
460
450
471
458
471
463
471
471
465
438
449
454
457
457
442
460
457
443
439
442
450
457
459
470
461
460
465
471
461
456
443
461
445
438
437
451
451
443
443
437
441
434
431
440
445
440
425
436
426
423
418
434
423
408
417
428
427
423
413
430
427
434
434
438
424
406
402
405
410
396
413
424
422
412
403
421
411
426
421
436
413
410
410
417
401
406
420
415
411
388
389
399
394
381
380
402
397
396
393
391
397
388
407
386
403
390
402
406
394
382
382
390
382
375
370
378
377
366
365
375
374
366
372
367
363
365
366
390
386
379
376
381
372
362
376
378
378
363
375
367
366
360
350
355
355
353
348
352
350
330
338
368
362
338
358
366
370
351
350
359
355
333
338
337
341
341
338
335
327
323
344
340
342
346
338
347
338
323
315
326
335
337
342
340
333
315
325
333
334
330
328
336
321
315
312
317
329
299
294
311
318
313
310
314
313
314
330
324
306
312
325
322
319
298
304
306
317
305
301
306
319
310
287
308
293
278
298
312
290
286
308
307
300
294
306
301
291
289
278
285
285
276
293
282
291
272
281
274
291
266
277
295
312
287
288
305
292
260
277
268
292
274
269
272
268
256
264
261
266
256
264
280
265
246
250
269
269
268
268
286
265
263
249
261
254
280
262
267
243
229
244
245
248
227
248
254
260
232
249
250
254
241
241
238
243
230
242
225
249
234
246
229
226
224
226
245
237
232
224
241
249
232
227
231
226
225
237
237
232
216
220
230
219
222
224
244
230
224
209
216
217
219
222
228
229
211
207
201
209
209
210
220
215
202
213
222
217
200
206
212
209
194
203
202
207
193
209
217
200
189
194
196
187
184
192
210
201
193
197
194
189
189
179
195
193
182
172
190
194
173
176
179
173
170
164
173
176
164
176
178
175
164
170
171
177
167
173
177
167
160
168
180
170
152
159
171
162
148
153
157
155
149
137
155
153
145
151
156
144
146
155
178
145
135
150
170
161
152
165
171
170
143
134
138
145
142
142
144
141
129
142
150
155
143
149
138
142
134
136
145
144
132
133
134
128
128
125
125
118
111
127
126
122
115
107
127
129
121
115
132
116
113
118
116
124
110
117
119
116
115
121
121
122
119
99
131
121
100
106
113
120
106
106
113
119
106
101
118
116
101
100
114
104
83
90
108
108
102
107
104
106
97
94
98
92
94
78
100
96
90
84
104
105
99
101
91
85
70
78
80
94
90
90
102
101
82
89
86
91
74
83
81
82
81
77
101
81
88
69
90
75
71
85
73
79
70
61
85
80
81
75
82
65
75
78
105
91
65
69
80
93
73
62
63
72
59
65
63
68
63
79
75
61
60
57
78
68
58
68
58
80
59
73
74
80
67
59
76
67
46
54
55
62
45
56
56
47
54
56
61
70
63
45
74
61
56
50
43
38
40
52
55
51
48
55
56
48
47
47
65
53
41
46
64
63
62
54
42
50
34
54
42
65
57
61
72
55
38
37
35
27
30
39
22
31
21
34
42
49
52
49
51
30
24
36
47
32
27
24
38
50
30
27
39
47
40
42
49
45
31
29
17
29
13
42
43
26
18
30
40
46
25
24
43
41
22
13
21
33
18
11
9
11
11
21
16
19
24
8
19
15
13
10
20
23
19
16
22
32
19
11
22
28
20
21
31
20
6
-1
11
23
15
28
18
30
9
16
3
17
10
24
30
30
11
18
21
22
4
10
13
21
-8
3
14
18
6
-6
19
3
-9
-10
10
-2
15
14
20
16
17
22
6
22
0
-4
8
19
2
-6
-9
-5
-1
13
0
1
-10
13
10
13
4
-1
12
12
7
-4
-3
-7
-14
0
-12
-7
-5
-2
-12
-15
-3
-5
10
-2
5
-4
0
1
-4
-3
6
2
-24
-8
-10
-18
-10
-16
-26
-30
-24
-14
-20
-10
-13
-13
-4
1
-22
-15
-11
-6
-25
-20
-18
-13
-22
-20
-18
-18
-18
-12
-15
-20
-29
-30
-33
-20
-8
-23
-14
-13
-24
-27
-12
-5
-20
-28
-29
-32
-29
-23
2
-10
-10
-28
-15
-20
-35
-37
-38
-24
-44
-28
-26
-19
-21
-23
-13
-11
-23
-22
-15
-25
-35
-49
-34
-37
-42
-34
-24
-18
-33
-33
-41
-43
-52
-47
-44
-39
-26
-32
-29
-29
-31
-34
-39
-31
-40
-42
-20
-27
-25
-45
-44
-46
-44
-34
-38
-42
-43
-41
-45
-35
-46
-42
-30
-20
-27
-32
-38
-51
-50
-42
-46
-41
-53
-48
-55
-53
-58
-40
-38
-35
-55
-50
-36
-43
-39
-44
-46
-47
-54
-56
-31
-37
-48
-55
-60
-54
-37
-49
-34
-37
-47
-48
-51
-63
-79
-61
-52
-45
-51
-58
-56
-61
-60
-56
-56
-50
-55
-53
-54
-46
-70
-55
-44
-58
-59
-70
-61
-56
-59
-59
-46
-51
-56
-71
-43
-56
-59
-52
-48
-53
-61
-65
-57
-55
-61
-66
-53
-67
-59
-49
-54
-51
-52
-48
-53
-44
-64
-66
-68
-65
-72
-59
-45
-51
-66
-69
-63
-58
-59
-67
-69
-64
-54
-65
-65
-70
-62
-71
-49
-66
-50
-70
-45
-81
-58
-83
-54
-73
-56
-65
-64
-56
-52
-69
-74
-71
-69
-69
-64
-70
-55
-60
-54
-67
-55
-59
-45
-62
-67
-78
-62
-73
-76
-70
-70
-62
-83
-81
-62
-67
-68
-61
-67
-63
-68
-63
-53
-53
-80
-63
-74
-64
-66
-72
-62
-81
-92
-82
-69
-74
-72
-68
-61
-72
-71
-66
-80
-72
-78
-79
-61
-66
-64
-59
-64
-64
-74
-77
-82
-85
-88
-80
-57
-51
-58
-71
-71
-68
-71
-75
-73
-72
-67
-71
-64
-63
-58
-40
-59
-58
-74
-67
-63
-63
-84
-77
-76
-77
-74
-77
-65
-70
-69
-62
-66
-63
-70
-64
-71
-77
-89
-78
-77
-80
-93
-88
-72
-67
-71
-68
-60
-58
-78
-90
-76
-61
-87
-69
-76
-78
-82
-83
-59
-68
-66
-67
-82
-80
-90
-85
-80
-71
-82
-84
-73
-80
-77
-82
-68
-75
-84
-82
-69
-64
-75
-68
-66
-69
-77
-67
-71
-61
-63
-69
-58
-69
-82
-78
-90
-102
-99
-84
-73
-56
-78
-91
-79
-76
-77
-76
-60
-78
-63
-76
-77
-66
-77
-77
-74
-80
-91
-96
-82
-87
-77
-75
-65
-67
-69
-77
-75
-80
-80
-79
-71
-65
-75
-75
-68
-78
-81
-90
-83
-84
-90
-86
-79
-79
-98
-90
-88
-79
-94
-107
-93
-77
-76
-75
-84
-92
-101
-99
-95
-93
-101
-87
-84
-86
-89
-97
-72
-75
-82
-83
-80
-81
-82
-97
-108
-91
-76
-86
-78
-74
-91
-85
-83
-86
-92
-91
-79
-80
-90
-103
-102
-84
-86
-79
-86
-89
-96
-75
-74
-71
-81
-98
-76
-91
-100
-94
-72
-81
-92
-93
-87
-85
-82
-83
-96
-80
-85
-89
-85
-87
-96
-81
-82
-79
-86
-107
-83
-90
-85
-83
-76
-72
-88
-84
-79
-78
-96
-87
-96
-84
-96
-87
-84
-76
-91
-92
-87
-85
-98
-108
-87
-84
-88
-87
-89
-86
-86
-86
-80
-83
-99
-96
-85
-81
-87
-105
-99
-95
-105
-110
-96
-87
-97
-94
-75
-87
-82
-75
-72
-79
-75
-94
-88
-87
-99
-102
-99
-90
-96
-88
-75
-77
-91
-95
-86
-96
-91
-96
-85
-90
-90
-77
-80
-103
-103
-98
-93
-87
-89
-94
-83
-88
-86
-95
-88
-101
-107
-102
-102
-99
-83
-76
-79
-82
-88
-98
-86
-82
-103
-89
-88
-90
-85
-94
-97
-103
-83
-95
-91
-78
-88
-80
-74
-85
-100
-88
-80
-84
-91
-96
-87
-89
-94
-88
-94
-96
-93
-76
-83
-84
-76
-84
-86
-100
-103
-101
-101
-96
-92
-90
-74
-70
-92
-98
-78
-90
-103
-99
-84
-96
-80
-78
-69
-75
-103
-99
-91
-89
-93
-98
-97
-85
-80
-84
-77
-66
-78
-81
-92
-102
-93
-105
-95
-88
-94
-94
-86
-93
-88
-83
-75
-72
-85
-84
-87
-87
-90
-86
-78
-84
-85
-94
-87
-101
-99
-92
-80
-73
-93
-85
-87
-80
-77
-84
-75
-73
-90
-87
-96
-85
-85
-88
-78
-74
-91
-91
-81
-77
-82
-70
-72
-79
-88
-92
-90
-88
-80
-96
-82
-92
-95
-94
-82
-83
-79
-77
-69
-74
-89
-79
-77
-86
-77
-71
-84
-83
-92
-81
-80
-80
-72
-89
-91
-87
-97
-89
-77
-75
-78
-77
-70
-77
-83
-77
-75
-75
-79
-65
-78
-85
-74
-66
-67
-71
-77
-71
-68
-88
-96
-89
-73
-58
-64
-68
-74
-73
-85
-88
-72
-89
-68
-67
-64
-72
-70
-84
-68
-78
-86
-84
-77
-94
-95
-84
-82
-89
-85
-80
-80
-80
-82
-86
-82
-78
-78
-67
-55
-73
-80
-84
-74
-61
-72
-68
-76
-73
-82
-86
-79
-79
-75
-72
-68
-64
-68
-68
-72
-74
-83
-88
-66
-68
-80
-63
-75
-79
-82
-69
-79
-73
-73
-62
-59
-67
-65
-66
-61
-63
-76
-64
-63
-56
-64
-69
-80
-80
-79
-69
-76
-75
-81
-86
-69
-72
-82
-85
-74
-86
-85
-75
-70
-56
-78
-86
-81
-90
-82
-93
-70
-75
-85
-84
-103
-88
-82
-92
-82
-75
-86
-77
-75
-65
-82
-85
-85
-84
-90
-82
-74
-75
-77
-78
-72
-61
-68
-68
-68
-69
-66
-73
-75
-83
-98
-88
-73
-72
-84
-79
-88
-89
-99
-97
-69
-73
-72
-77
-80
-75
-82
-77
-68
-68
-85
-81
-70
-69
-96
-84
-72
-75
-76
-86
-72
-92
-87
-95
-68
-77
-64
-79
-75
-75
-71
-83
-75
-68
-74
-64
-54
-72
-74
-73
-69
-76
-83
-74
-72
-90
-95
-98
-94
-78
-86
-82
-73
-71
-67
-65
-72
-74
-75
-71
-64
-65
-75
-77
-79
-85
-83
-77
-54
-69
-81
-76
-76
-78
-96
-83
-82
-79
-95
-79
-70
-82
-87
-74
-66
-67
-76
-75
-78
-64
-64
-77
-84
-80
-77
-72
-64
-74
-57
-72
-64
-71
-95
-94
-85
-77
-74
-67
-60
-71
-86
-84
-70
-77
-66
-78
-76
-89
-95
-76
-77
-70
-83
-76
-82
-81
-81
-82
-64
-76
-61
-58
-56
-70
-74
-78
-68
-74
-73
-69
-62
-71
-72
-82
-67
-78
-90
-89
-65
-62
-67
-81
-73
-64
-74
-61
-67
-54
-68
-62
-74
-79
-81
-81
-67
-81
-81
-74
-79
-86
-88
-72
-63
-58
-71
-73
-87
-87
-77
-70
-64
-65
-83
-74
-70
-70
-72
-71
-78
-77
-83
-78
-83
-85
-100
-89
-58
-71
-78
-71
-67
-83
-75
-73
-70
-58
-56
-60
-55
-61
-74
-82
-71
-72
-88
-85
-75
-69
-67
-75
-76
-76
-88
-72
-62
-68
-76
-77
-58
-57
-66
-60
-46
-62
-68
-54
-45
-48
-60
-63
-70
-89
-87
-75
-62
-78
-85
-83
-69
-67
-80
-76
-50
-48
-70
-75
-70
-60
-51
-65
-57
-61
-72
-72
-68
-62
-68
-67
-63
-51
-70
-59
-58
-65
-73
-72
-59
-58
-62
-48
-65
-64
-65
-58
-71
-74
-73
-76
-70
-58
-60
-66
-54
-61
-61
-68
-64
-65
-78
-64
-53
-59
-66
-60
-49
-43
-52
-61
-49
-56
-70
-68
-56
-63
-68
-65
-65
-63
-75
-82
-76
-70
-55
-48
-47
-51
-65
-72
-71
-68
-74
-76
-66
-61
-61
-60
-67
-65
-71
-61
-58
-60
-51
-59
-53
-58
-62
-56
-57
-50
-66
-64
-63
-59
-55
-65
-68
-75
-72
-67
-52
-54
-60
-58
-59
-64
-79
-68
-64
-54
-59
-60
-57
-54
-67
-58
-51
-56
-67
-57
-63
-66
-67
-56
-55
-45
-50
-50
-48
-61
-67
-65
-63
-61
-61
-55
-47
-52
-62
-68
-66
-80
-62
-62
-41
-46
-47
-53
-54
-61
-73
-61
-67
-61
-60
-61
-52
-51
-68
-64
-63
-60
-58
-48
-46
-43
-60
-51
-55
-55
-52
-65
-57
-57
-53
-51
-45
-51
-55
-67
-67
-58
-64
-57
-54
-61
-53
-52
-54
-53
-45
-61
-54
-55
-49
-52
-63
-52
-54
-50
-53
-56
-59
-58
-60
-71
-65
-64
-57
-45
-53
-55
-52
-46
-53
-48
-54
-49
-69
-74
-69
-58
-59
-50
-43
-61
-72
-60
-63
-64
-64
-61
-50
-58
-61
-57
-45
-43
-37
-55
-39
-49
-58
-61
-49
-50
-60
-61
-59
-68
-72
-66
-65
-70
-72
-84
-59
-60
-76
-62
-54
-51
-69
-60
-54
-60
-67
-58
-54
-53
-54
-58
-53
-65
-72
-68
-67
-59
-69
-62
-56
-70
-61
-45
-57
-53
-50
-57
-58
-66
-66
-66
-63
-60
-52
-54
-53
-58
-65
-65
-58
-69
-70
-67
-65
-50
-55
-45
-49
-49
-58
-52
-52
-46
-59
-56
-60
-52
-38
-48
-39
-56
-59
-65
-62
-65
-63
-57
-48
-67
-64
-50
-46
-45
-60
-62
-40
-60
-54
-43
-55
-46
-41
-41
-60
-47
-49
-39
-46
-43
-53
-54
-54
-66
-64
-59
-54
-51
-71
-64
-64
-53
-46
-59
-52
-53
-70
-79
-58
-68
-72
-75
-67
-56
-62
-59
-56
-45
-59
-57
-58
-51
-44
-53
-53
-52
-60
-60
-61
-59
-59
-66
-52
-52
-68
-68
-63
-62
-65
-68
-65
-70
-77
-73
-71
-58
-60
-54
-45
-52
-51
-47
-56
-56
-64
-66
-48
-50
-61
-73
-67
-70
-59
-59
-53
-57
-60
-66
-66
-66
-66
-73
-50
-50
-36
-34
-42
-42
-60
-55
-58
-51
-62
-56
-65
-57
-61
-55
-50
-43
-67
-68
-56
-58
-54
-47
-39
-51
-53
-46
-40
-41
-46
-53
-61
-56
-61
-58
-69
-53
-52
-54
-54
-47
-61
-61
-53
-56
-59
-66
-42
-45
-58
-45
-53
-54
-47
-33
-41
-34
-48
-46
-44
-49
-57
-64
-58
-59
-71
-76
-59
-42
-68
-41
-46
-40
-60
-39
-45
-53
-45
-36
-32
-33
-47
-53
-52
-48
-48
-61
-57
-44
-55
-73
-54
-58
-53
-52
-41
-42
-44
-46
-36
-49
-45
-38
-42
-39
-47
-45
-45
-48
-39
-47
-57
-43
-39
-42
-42
-40
-61
-42
-52
-39
-61
-45
-42
-50
-45
-49
-38
-36
-52
-40
-47
-35
-54
-58
-50
-41
-45
-51
-53
-48
-60
-51
-32
-45
-54
-49
-42
-36
-48
-46
-40
-35
-40
-45
-41
-53
-45
-49
-48
-56
-54
-48
-49
-49
-48
-49
-46
-33
-49
-37
-39
-43
-36
-36
-35
-25
-38
-31
-30
-48
-50
-44
-47
-44
-54
-50
-52
-38
-45
-34
-29
-33
-43
-50
-46
-42
-36
-33
-28
-30
-41
-43
-33
-27
-44
-45
-33
-43
-51
-48
-44
-48
-49
-30
-43
-36
-61
-42
-39
-28
-40
-46
-40
-55
-50
-50
-39
-37
-45
-56
-46
-36
-46
-61
-70
-62
-54
-32
-19
-46
-57
-58
-50
-42
-49
-39
-27
-49
-56
-52
-45
-35
-29
-47
-56
-45
-52
-41
-43
-48
-61
-54
-43
-43
-52
-68
-63
-68
-53
-52
-39
-21
-33
-34
-37
-39
-49
-41
-35
-39
-54
-53
-50
-51
-42
-44
-30
-29
-40
-48
-42
-36
-52
-51
-55
-63
-56
-46
-40
-30
-46
-42
-44
-47
-58
-54
-38
-28
-40
-47
-36
-31
-38
-55
-52
-44
-47
-40
-38
-37
-43
-49
-45
-34
-44
-48
-41
-31
-50
-54
-48
-47
-45
-63
-51
-55
-58
-38
-45
-51
-56
-50
-35
-42
-48
-54
-39
-32
-38
-54
-51
-47
-46
-63
-60
-49
-51
-44
-49
-46
-56
-45
-31
-36
-45
-46
-51
-42
-54
-48
-47
-44
-53
-49
-42
-32
-45
-55
-52
-50
-55
-40
-41
-49
-50
-61
-43
-47
-45
-54
-31
-38
-51
-57
-52
-57
-48
-49
-39
-40
-34
-27
-33
-43
-50
-58
-46
-51
-58
-76
-52
-41
-51
-39
-43
-45
-50
-49
-38
-38
-41
-37
-27
-38
-49
-47
-51
-56
-50
-53
-50
-38
-32
-45
-44
-44
-45
-41
-43
-52
-57
-51
-35
-31
-31
-37
-33
-31
-39
-51
-52
-44
-47
-51
-47
-49
-56
-46
-38
-37
-41
-41
-41
-43
-54
-47
-43
-40
-59
-54
-53
-37
-54
-50
-37
-36
-43
-42
-26
-38
-52
-49
-46
-46
-52
-45
-34
-17
-25
-37
-47
-31
-52
-50
-39
-38
-45
-52
-48
-45
-47
-46
-39
-42
-52
-33
-27
-33
-39
-41
-45
-44
-43
-37
-36
-35
-43
-46
-45
-29
-33
-47
-34
-37
-44
-42
-45
-37
-37
-36
-38
-35
-49
-32
-32
-30
-31
-36
-46
-56
-46
-46
-25
-38
-41
-38
-36
-46
-36
-35
-45
-45
-41
-45
-42
-48
-40
-41
-27
-36
-41
-36
-37
-30
-38
-29
-23
-22
-40
-37
-33
-30
-37
-34
-27
-48
-46
-57
-51
-52
-48
-41
-33
-29
-41
-40
-40
-42
-58
-50
-46
-40
-37
-48
-45
-34
-34
-36
-33
-32
-44
-49
-35
-33
-40
-43
-36
-30
-52
-52
-48
-35
-39
-29
-30
-21
-22
-26
-34
-29
-33
-30
-35
-34
-58
-44
-42
-38
-46
-43
-38
-32
-35
-31
-29
-48
-26
-50
-30
-37
-45
-42
-38
-34
-53
-49
-49
-37
-49
-52
-42
-26
-29
-25
-24
-47
-53
-53
-49
-48
-44
-40
-45
-45
-43
-34
-42
-34
-50
-50
-17
-25
-29
-30
-28
-22
-30
-23
-38
-36
-32
-36
-35
-37
-38
-34
-28
-30
-45
-47
-41
-38
-34
-19
-29
-28
-35
-42
-52
-39
-40
-52
-29
-39
-46
-34
-31
-44
-31
-31
-33
-29
-25
-43
-34
-22
-31
-34
-33
-53
-43
-39
-27
-31
-45
-49
-29
-39
-44
-53
-38
-22
-29
-49
-31
-34
-39
-36
-29
-39
-31
-35
-30
-32
-46
-50
-37
-36
-37
-36
-23
-40
-48
-32
-25
-21
-32
-31
-51
-40
-58
-45
-35
-37
-44
-45
-36
-32
-35
-27
-27
-32
-35
-39
-37
-47
-41
-33
-46
-44
-32
-43
-40
-42
-30
-43
-27
-17
-44
-27
-22
-26
-42
-46
-44
-39
-27
-42
-51
-55
-54
-45
-45
-44
-46
-47
-46
-49
-53
-47
-36
-28
-29
-23
-32
-25
-49
-39
-33
-31
-31
-46
-43
-50
-44
-34
-16
-36
-37
-46
-22
-33
-48
-57
-41
-50
-44
-44
-46
-31
-39
-44
-48
-54
-51
-56
-32
-33
-46
-34
-29
-24
-34
-41
-43
-38
-44
-42
-52
-52
-37
-44
-26
-35
-38
-42
-42
-29
-31
-39
-52
-45
-46
-50
-46
-43
-51
-40
-36
-39
-51
-36
-40
-26
-28
-19
-27
-23
-31
-33
-29
-34
-36
-57
-38
-37
-46
-29
-38
-36
-36
-44
-53
-59
-48
-38
-17
-32
-23
-32
-22
-32
-21
-37
-28
-44
-45
-34
-30
-38
-38
-44
-32
-38
-42
-47
-41
-37
-46
-44
-43
-42
-36
-29
-23
-46
-48
-38
-37
-39
-27
-26
-32
-40
-33
-43
-37
-33
-46
-34
-37
-37
-48
-35
-28
-18
-31
-33
-33
-34
-34
-35
-27
-36
-41
-34
-28
-22
-27
-45
-41
-30
-44
-47
-52
-58
-49
-46
-29
-27
-26
-35
-12
-21
-31
-36
-27
-46
-47
-47
-28
-36
-50
-48
-29
-21
-29
-27
-38
-40
-51
-32
-30
-26
-37
-20
-12
-20
-31
-31
-23
-26
-43
-26
-22
-28
-34
-37
-37
-41
-31
-34
-32
-46
-53
-44
-39
-27
-31
-41
-30
-26
-37
-24
-23
-23
-37
-44
-34
-28
-39
-43
-47
-54
-50
-34
-23
-26
-31
-39
-38
-37
-35
-44
-32
-25
-28
-20
-16
-32
-39
-31
-14
-21
-35
-27
-40
-42
-39
-35
-15
-25
-34
-46
-35
-24
-42
-30
-18
-18
-29
-20
-21
-34
-22
-29
-4
-17
-27
-38
-33
-29
-29
-25
-23
-29
-38
-31
-34
-36
-32
-15
-22
-25
-18
-15
-20
-23
-34
-23
-33
-33
-44
-43
-34
-29
-26
-25
-22
-21
-28
-48
-45
-46
-43
-36
-38
-33
-34
-26
-23
-20
-31
-29
-10
-26
-28
-45
-38
-19
-25
-20
-20
-16
-32
-25
-23
-42
-52
-39
-20
-24
-31
-32
-29
-22
-29
-35
-39
-32
-21
-23
-31
-26
-32
-19
-8
-20
-35
-38
-26
-24
-34
-28
-14
-25
-43
-33
-35
-21
-21
-24
-17
-27
-39
-41
-28
-39
-48
-33
-20
-19
-30
-31
-26
-24
-29
-31
-30
-25
-28
-29
-34
-28
-31
-26
-25
-19
-39
-37
-27
-16
-29
-31
-24
-27
-38
-40
-38
-28
-38
-35
-26
-30
-37
-25
-31
-39
-29
-34
-23
-31
-40
-43
-37
-34
-36
-29
-24
-22
-29
-39
-41
-32
-42
-46
-42
-44
-45
-49
-38
-29
-30
-17
-37
-13
-30
-37
-36
-27
-25
-19
-21
-42
-43
-36
-35
-39
-26
-10
-32
-39
-35
-40
-27
-32
-30
-27
-15
-19
-24
-31
-34
-32
-26
-30
-29
-25
-41
-42
-37
-38
-20
-35
-30
-26
-32
-30
-29
-22
-34
-30
-48
-40
-38
-34
-31
-23
-30
-29
-24
-27
-31
-29
-32
-37
-35
-34
-37
-42
-46
-34
-27
-30
-32
-44
-21
-31
-18
-13
-12
-18
-19
-16
-33
-37
-35
-46
-34
-19
-28
-29
-27
-32
-40
-34
-29
-13
-31
-21
-27
-27
-44
-37
-25
-26
-22
-30
-29
-34
-32
-38
-30
-21
-26
-23
-26
-20
-40
-32
-23
-23
-31
-27
-27
-22
-27
-34
-29
-22
-27
-38
-45
-29
-22
-23
-29
-34
-30
-18
-13
-26
-25
-37
-27
-29
-42
-35
-46
-24
-34
-31
-19
-19
-22
-31
-29
-40
-28
-36
-32
-30
-42
-30
-32
-26
-44
-34
-45
-17
-27
-6
-22
-20
-39
-25
-34
-32
-25
-31
-26
-40
-44
-37
-28
-32
-36
-34
-19
-33
-47
-56
-47
-45
-22
-27
-24
-23
-24
-28
-20
-23
-36
-26
-29
-27
-46
-42
-25
-21
-34
-39
-38
-31
-36
-34
-22
-33
-26
-26
-26
-32
-36
-33
-27
-11
-22
-27
-22
-36
-38
-39
-32
-25
-21
-10
-10
-20
-33
-38
-37
-38
-49
-27
-21
-27
-34
-33
-41
-34
-28
-23
-19
-8
-21
-33
-35
-23
-22
-30
-28
-31
-46
-27
-12
-36
-51
-48
-30
-37
-35
-31
-21
-2
-9
-6
-16
-31
-22
-18
0
-6
-19
-29
-36
-48
-73
-64
-78
-63
-65
-58
-51
-26
-15
-2
13
26
22
22
25
9
-17
-12
-6
-14
-37
-28
-35
-37
-51
-75
-63
-58
-48
-37
-37
-40
-41
-23
-7
4
-2
-14
2
6
-16
-15
-2
-12
2
-13
-21
-41
-49
-48
-42
-29
-41
-18
-38
-46
-54
-42
-17
-8
-17
-24
-15
-8
-27
-14
-1
-19
-8
-13
-8
-7
-9
-9
-22
-30
-40
-29
-17
-40
-41
-44
-42
-37
-51
-51
-44
-39
-32
-21
-21
-19
-4
-10
-1
-12
-14
-24
-17
-34
-49
-46
-38
-38
-30
-30
-15
-7
-13
-36
-47
-34
-24
-15
-6
-15
-14
-10
-14
-6
-22
-18
-11
-11
-21
-27
-14
-22
-21
-31
-36
-37
-37
-37
-42
-42
-45
-35
-30
-22
-23
-25
-5
-14
-20
-21
-28
-23
-22
-25
-23
-13
-26
-12
-17
-32
-34
-20
-11
-17
-28
-21
-6
-6
-23
-11
-17
-14
-33
-23
-29
-25
-19
-35
-20
-30
-24
-31
-17
-37
-36
-31
-25
-29
-35
-35
-15
-16
-21
-38
-23
-28
-34
-27
-35
-34
-39
-19
-26
-20
-22
-18
-16
-12
-27
-27
-17
-16
-22
-25
-18
-14
-23
-22
-12
-22
-41
-20
-14
-12
-26
-37
-26
-26
-40
-45
-24
-15
-25
-24
-22
-19
-37
-27
-32
-44
-38
-38
-15
-24
-41
-39
-29
-25
-38
-31
-14
-34
-44
-47
-25
-21
-16
-22
-18
-8
-34
-32
-33
-21
-24
-11
4
-8
-7
-13
-23
-33
-32
-30
-20
-24
-23
-22
-30
-24
-36
-35
-34
-26
-32
-37
-21
-23
-7
-19
-12
-31
-45
-44
-29
-29
-16
-6
-2
-21
-23
-20
-12
-14
-25
-24
-2
-21
-30
-26
-12
-16
-25
-33
-32
-36
-34
-21
-6
-22
-18
-28
-11
-22
-37
-47
-32
-31
-30
-27
-14
-12
-23
-34
-22
-19
-29
-36
-21
-16
-21
-13
-17
-18
-19
-13
-20
-16
-29
-30
-28
-26
-25
-17
-20
-19
-26
-31
-17
-16
-32
-32
-36
-31
-33
-30
-31
-15
-23
-22
-5
-11
-19
-14
-27
-26
-24
-10
-13
-7
-35
-23
-19
-26
-26
-17
5
-3
-18
-30
-14
-19
-18
-16
-21
-22
-24
-30
-24
-24
-16
-28
-14
-29
-39
-30
-24
-29
-47
-39
-20
-9
-38
-31
-32
-30
-29
-32
-23
-31
-30
-19
-14
-25
-29
-28
-32
-34
-46
-44
-26
-19
-16
-24
-11
-14
-29
-25
-22
-14
-29
-20
-17
-18
-35
-29
-26
-28
-23
-29
-15
-28
-40
-31
-32
-21
-22
-27
-24
-19
-17
-26
-24
-33
-30
-21
-3
-26
-16
-44
-24
-36
-18
-34
-5
-18
-26
-38
-38
-30
-27
-24
-29
-34
-32
-41
-10
-29
-35
-35
-9
-16
-16
-27
-14
-9
-1
-13
-27
-30
-33
-30
-28
-24
-31
-24
-6
-17
-27
-34
-28
-32
-41
-36
-30
-29
-37
-35
-38
-31
-22
-20
-19
-33
-44
-34
-16
-25
-32
-43
-19
-25
-18
-26
-21
-19
-8
-10
-16
-23
-23
-15
-21
-6
-11
-16
-18
-27
-43
-33
-31
-33
-26
-29
-26
-35
-35
-31
-20
-30
-29
-40
-26
-39
-51
-45
-40
-31
-26
-1
-13
-28
-34
-34
-28
-31
-34
-28
-7
-14
-31
-34
-37
-41
-40
-29
-29
-24
-29
-27
-45
-40
-31
-41
-40
-38
-40
-18
-29
-31
-50
-36
-37
-16
-36
-8
-10
-22
-20
-21
-16
-21
-35
-34
-22
-22
-21
-34
-38
-47
-32
-31
-35
-41
-41
-38
-28
-39
-49
-36
-29
-16
-17
-26
-10
-19
-31
-28
-24
-20
-13
-29
-26
-24
-34
-34
-21
-15
-27
-27
-26
-34
-48
-49
-55
-46
-35
-30
-33
-33
-41
-32
-39
-40
-31
-19
-16
-22
-26
-22
-12
-24
-33
-35
-24
-29
-28
-44
-44
-39
-17
-29
-36
-33
-42
-22
-22
-29
-31
-35
-28
-31
-22
-40
-23
-26
-28
-18
-19
-21
-34
-32
-28
-18
-27
-44
-26
-28
-36
-38
-33
-37
-37
-35
-32
-30
-48
-37
-37
-23
-30
-8
-19
-13
-37
-19
-24
-26
-36
-31
-18
-15
-34
-33
-36
-32
-31
-41
-24
-8
-15
-15
-10
-19
-24
-31
-42
-33
-32
-36
-36
-24
-32
-29
-20
-23
-33
-30
-30
-29
-42
-42
-21
-35
-18
-27
-26
-43
-30
-46
-15
-28
-15
-33
-33
-38
-40
-45
-45
-26
-29
-21
-19
-24
-29
-25
-31
-34
-37
-29
-27
-14
-26
-7
-14
-10
-30
-26
-32
-27
-25
-29
-30
-31
-39
-33
-32
-24
-17
-9
-20
-30
-38
-42
-38
-30
-29
-39
-19
-29
-28
-42
-39
-43
-35
-18
-33
-35
-43
-23
-18
-18
-15
-16
-4
-27
-30
-39
-32
-28
-27
-37
-17
-23
-35
-21
-28
-37
-32
-32
-25
-32
-50
-48
-38
-23
-24
-25
-23
-17
-46
-23
-22
-23
-26
-18
-16
-24
-26
-37
-25
-40
-39
-41
-24
-30
-12
-21
-23
-21
-20
-38
-26
-17
-20
-9
-23
-20
-34
-16
-30
-27
-37
-34
-11
-13
-30
-33
-26
-27
-30
-36
-30
-21
-28
-7
-18
-25
-39
-20
-24
-15
-22
-36
-16
-3
-22
-26
-31
-35
-39
-16
-7
-24
-44
-25
-22
-27
-34
-32
-20
-28
-20
-36
-18
-18
-14
-21
-29
-23
-40
-44
-51
-40
-35
-33
-27
-31
-38
-24
-41
-35
-30
-17
-19
-23
-28
-30
-28
-21
-24
-28
-34
-29
-27
-26
-31
-31
-45
-20
-16
-25
-23
-37
-34
-9
-17
-31
-13
-18
-19
-30
-17
-25
-33
-31
-22
-13
-32
-35
-36
-39
-38
-27
-17
-19
-37
-36
-35
-23
-21
-24
-19
-24
-31
-26
-22
-22
-34
-23
-22
-28
-37
-35
-29
-32
-45
-33
-35
-16
-30
-29
-26
-27
-26
-17
-18
-18
-24
-29
-29
-23
-23
-18
-15
-29
-44
-32
-34
-31
-16
-29
-16
-24
-22
-19
-19
-26
-40
-33
-22
-20
-22
-19
-13
-18
-29
-29
-28
-19
-32
-37
-32
-46
-31
-25
-30
-38
-38
-24
-19
-13
-22
-30
-11
-26
-14
-28
-26
-21
-30
-30
-19
-19
-24
-25
-18
-20
-26
-19
-22
-34
-50
-25
-15
-5
-24
-15
-25
-11
-24
-34
-35
-33
-35
-19
-20
-17
-25
-27
-20
-21
-29
-25
-13
-15
-29
-34
-23
-19
-26
-27
-9
-16
-27
-22
-26
-32
-26
-42
-14
-11
-26
-24
-21
-20
-20
-26
-30
-30
-29
-41
-39
-26
-22
-20
-30
-28
-39
-29
-22
-26
-18
-21
-10
-10
-17
-24
-26
-27
-34
-42
-32
-23
-27
-18
-17
-25
-13
-9
-8
-19
-27
-38
-40
-23
-31
-32
-25
-28
-26
-5
-10
-19
-21
-36
-26
-36
-30
-39
-18
-32
-19
-7
2
-9
-34
-37
-33
-19
-21
-31
-9
-13
-22
-29
-26
-31
-35
-21
-22
-13
-30
-34
-35
-29
-33
-46
-37
-20
-19
-23
-18
-10
-18
-22
-37
-33
-29
-29
-19
-28
-33
-31
-16
-23
-38
-27
-22
-30
-30
-34
-38
-39
-45
-36
-32
-12
-9
-6
-9
-23
-39
-26
-27
-27
-29
-23
-16
-27
-41
-35
-44
-35
-39
-37
-27
-29
-30
-28
-22
-28
-21
-6
4
-13
-32
-38
-30
-23
-36
-20
-26
-18
-30
-20
-24
-15
-29
-24
-21
-25
-36
-39
-28
-28
-30
-27
-25
-27
-19
-20
-39
-43
-29
-33
-31
-36
-33
-36
-27
-43
-42
-29
-31
-34
-25
-32
-24
-18
-22
-29
-37
-19
-21
-25
-18
-19
-32
-22
-17
-23
-43
-39
-28
-28
-35
-29
-23
-22
-39
-24
-19
-16
-12
-26
-18
-11
-13
-22
-16
-18
-26
-23
-29
-17
-32
-42
-36
-36
-29
-39
-13
-16
-29
-31
-35
-27
-31
-28
-15
-13
-34
-35
-14
-27
-26
-26
-18
-23
-25
-37
-33
-25
-23
-29
-38
-29
-20
-31
-17
-27
-40
-30
-25
-29
-41
-21
-16
-24
-49
-42
-35
-31
-38
-24
-19
-26
-26
-21
-14
-25
-28
-33
-38
-33
-39
-23
-16
-14
-33
-30
-22
-15
-18
-28
-16
-30
-40
-42
-22
-15
-28
-21
-24
-31
-28
-37
-28
-24
-29
-36
-20
-26
-29
-23
-21
-16
-36
-18
-22
-24
-31
-31
-43
-31
-33
-27
-22
-24
-26
-34
-36
-23
-26
-35
-23
-34
-38
-24
-18
-31
-31
-42
-31
-22
-39
-43
-34
-23
-22
-16
-21
-28
-36
-27
-30
-35
-37
-31
-35
-24
-25
-10
-21
-27
-42
-30
-22
-25
-44
-37
-35
-25
-31
-33
-26
-35
-37
-35
-42
-45
-43
-27
-30
-27
-24
-30
-28
-16
-19
-37
-18
-33
-31
-28
-20
-19
-29
-26
-33
-28
-37
-32
-34
-26
-30
-37
-34
-40
-46
-37
-18
-13
-21
-36
-43
-36
-34
-29
-34
-36
-33
-22
-14
-26
-35
-27
-27
-24
-38
-47
-40
-30
-41
-46
-40
-35
-31
-32
-27
-25
-27
-35
-27
-24
-30
-14
-12
-10
-31
-29
-39
-30
-27
-39
-27
-21
-31
-31
-42
-29
-48
-31
-16
-24
-21
-18
-20
-22
-28
-27
-13
-12
-38
-34
-40
-42
-49
-46
-24
-30
-23
-14
-18
-30
-29
-38
-29
-44
-53
-36
-34
-38
-35
-38
-35
-35
-38
-19
-30
-29
-28
-45
-37
-40
-41
-20
-24
-27
-40
-35
-42
-22
-24
-18
-21
-17
-23
-35
-29
-35
-54
-9
-23
-26
-34
-30
-38
-33
-37
-27
-29
-18
-29
-30
-14
-28
-57
-45
-47
-31
-30
-28
-24
-33
-35
-36
-22
-23
-32
-35
-14
-23
-40
-37
-45
-35
-38
-29
-34
-31
-37
-28
-15
-20
-22
-30
-22
-34
-39
-29
-29
-14
-28
-30
-43
-30
-20
-27
-37
-34
-28
-24
-28
-40
-47
-46
-30
-27
-31
-38
-30
-23
-38
-39
-34
-36
-34
-28
-31
-31
-30
-37
-36
-51
-51
-42
-35
-37
-43
-39
-40
-37
-24
-36
-36
-38
-40
-35
-36
-35
-30
-20
-24
-23
-39
-25
-33
-37
-31
-42
-23
-36
-28
-34
-29
-20
-27
-14
-24
-33
-47
-37
-28
-21
-24
-18
-24
-31
-53
-48
-38
-36
-42
-32
-42
-28
-38
-28
-29
-18
-24
-24
-11
-27
-22
-34
-34
-25
-34
-38
-47
-40
-39
-29
-37
-34
-39
-41
-34
-34
-33
-43
-36
-35
-41
-30
-20
-24
-37
-45
-35
-36
-27
-34
-23
-27
-26
-23
-24
-40
-54
-43
-34
-33
-48
-44
-23
-21
-25
-31
-12
-17
-18
-26
-42
-43
-50
-38
-36
-44
-41
-43
-34
-24
-28
-33
-26
-36
-40
-48
-37
-30
-31
-30
-18
-26
-30
-41
-29
-34
-32
-32
-23
-36
-34
-30
-24
-30
-55
-48
-36
-27
-45
-35
-31
-29
-32
-35
-25
-24
-32
-30
-42
-42
-36
-34
-26
-23
-42
-50
-37
-43
-21
-41
-14
-37
-38
-37
-31
-27
-28
-23
-31
-46
-43
-37
-25
-32
-34
-46
-22
-35
-46
-41
-24
-37
-34
-39
-37
-40
-42
-25
-33
-33
-36
-27
-12
-23
-41
-32
-27
-14
-31
-28
-26
-19
-33
-36
-41
-31
-34
-32
-27
-31
-30
-30
-22
-32
-35
-26
-26
-17
-37
-33
-22
-22
-30
-42
-23
-26
-27
-11
-27
-29
-26
-19
-15
-31
-56
-53
-35
-34
-30
-20
-7
-19
-38
-27
-24
-23
-38
-30
-30
-40
-43
-35
-40
-29
-30
-40
-42
-37
-46
-34
-29
-24
-35
-30
-41
-42
-42
-38
-45
-23
-13
-32
-28
-34
-36
-22
-14
-31
-39
-46
-34
-34
-46
-50
-32
-36
-21
-19
-23
-15
-34
-35
-56
-39
-53
-30
-29
-30
-39
-41
-34
-38
-44
-42
-41
-45
-34
-34
-34
-33
-45
-33
-38
-36
-27
-23
-32
-34
-42
-30
-16
-23
-40
-37
-24
-41
-27
-29
-24
-23
-37
-35
-26
-19
-31
-44
-33
-39
-52
-35
-46
-26
-29
-23
-26
-19
-30
-32
-43
-26
-30
-30
-27
-37
-46
-31
-31
-32
-37
-30
-28
-18
-22
-36
-38
-27
-34
-29
-20
-35
-37
-34
-19
-14
-30
-27
-26
-24
-40
-42
-43
-34
-37
-41
-35
-31
-39
-33
-31
-29
-49
-38
-34
-36
-45
-46
-46
-39
-51
-36
-28
-25
-34
-36
-27
-26
-28
-25
-28
-32
-42
-40
-22
-28
-29
-24
-15
-31
-24
-31
-31
-37
-40
-32
-21
-27
-37
-33
-36
-40
-36
-31
-34
-36
-40
-35
-36
-47
-32
-23
-26
-15
-31
-24
-31
-22
-25
-31
-24
-25
-34
-26
-33
-39
-36
-29
-27
-29
-41
-38
-23
-33
-31
-50
-34
-22
-34
-35
-40
-29
-26
-22
-21
-30
-42
-31
-28
-39
-42
-40
-17
-18
-30
-28
-27
-43
-47
-27
-33
-15
-16
-18
-21
-23
-24
-17
-10
-11
-27
-37
-41
-47
-46
-31
-36
-39
-44
-34
-26
-30
-30
-21
-24
-33
-24
-27
-19
-28
-39
-39
-35
-37
-40
-28
-34
-38
-38
-35
-32
-26
-33
-40
-32
-29
-34
-34
-32
-27
-41
-30
-30
-24
-27
-27
-22
-23
-31
-33
-30
-40
-49
-36
-36
-35
-39
-42
-33
-41
-41
-39
-16
-23
-36
-38
-36
-37
-24
-25
-27
-39
-42
-51
-30
-39
-42
-38
-25
-24
-36
-42
-32
-35
-39
-36
-30
-23
-27
-34
-36
-34
-48
-35
-23
-26
-26
-25
-25
-35
-32
-30
-39
-34
-41
-35
-30
-34
-30
-35
-20
-27
-36
-31
-35
-29
-28
-20
-19
-24
-37
-46
-30
-37
-43
-33
-22
-29
-38
-51
-48
-44
-43
-35
-39
-21
-23
-27
-24
-28
-33
-38
-26
-24
-27
-30
-25
-26
-37
-29
-28
-29
-27
-40
-42
-38
-23
-26
-10
-22
-25
-48
-44
-35
-39
-26
-31
-23
-40
-32
-23
-21
-24
-45
-31
-34
-30
-37
-26
-38
-47
-45
-25
-43
-51
-24
-19
-34
-39
-36
-41
-31
-43
-34
-56
-18
-34
-13
-29
-23
-43
-34
-23
-37
-30
-28
-21
-35
-28
-34
-26
-25
-35
-33
-24
-21
-39
-34
-15
-19
-26
-29
-31
-39
-31
-34
-21
-27
-25
-31
-29
-28
-39
-45
-39
-23
-35
-27
-24
-34
-43
-30
-31
-16
-18
-18
-22
-15
-31
-31
-32
-30
-34
-32
-19
-12
-32
-24
-22
-16
-19
-27
-33
-33
-38
-26
-28
-28
-33
-29
-21
-22
-40
-44
-41
-33
-34
-42
-22
-25
-38
-38
-22
-27
-35
-29
-18
-19
-18
-16
-15
-23
-19
-16
-19
-21
-30
-30
-26
-37
-48
-30
-9
-36
-35
-38
-29
-30
-32
-38
-26
-26
-25
-19
-13
-31
-31
-22
-4
-7
-24
-22
-18
-20
-41
-40
-30
-40
-34
-34
-37
-26
-17
-33
-24
-27
-32
-32
-37
-24
-12
-6
-12
-18
-28
-23
-17
-20
-32
-36
-28
-25
-31
-36
-30
-30
-32
-34
-30
-29
-48
-43
-34
-26
-34
-43
-29
-30
-31
-40
-37
-27
-12
-15
-23
-21
-36
-31
-33
-26
-37
-30
-20
-14
-27
-30
-24
-19
-36
-34
-35
-35
-34
-19
-28
-19
-12
-30
-25
-24
-40
-34
-34
-31
-34
-35
-21
-27
-36
-35
-21
-28
-24
-16
-15
-25
-36
-30
-29
-22
-34
-25
-25
-37
-44
-50
-50
-46
-38
-35
-21
-24
-21
-30
-26
-18
-30
-21
-22
-31
-55
-47
-32
-35
-28
-36
-26
-36
-50
-52
-54
-46
-39
-34
-23
-30
-43
-31
-33
-24
-29
-27
-28
-40
-42
-32
-18
-20
-31
-31
-37
-35
-41
-22
-21
-38
-31
-44
-42
-31
-39
-43
-40
-46
-50
-34
-32
-28
-30
-37
-38
-29
-37
-29
-19
-38
-36
-38
-35
-43
-38
-24
-28
-26
-38
-32
-23
-28
-27
-37
-23
-34
-41
-50
-36
-32
-37
-35
-34
-32
-31
-14
-25
-36
-55
-49
-21
-24
-24
-28
-31
-22
-23
-26
-28
-29
-46
-20
-34
-36
-30
-30
-21
-30
-38
-43
-40
-34
-39
-36
-24
-13
-27
-26
-34
-27
-24
-15
-29
-31
-52
-38
-11
-21
-32
-35
-30
-33
-36
-46
-35
-26
-27
-30
-30
-28
-27
-30
-23
-34
-36
-23
-27
-6
-27
-8
-34
-29
-35
-46
-28
-30
-31
-32
-35
-20
-42
-30
-29
-28
-52
-31
-29
-31
-22
-12
-12
-24
-40
-37
-33
-28
-37
-36
-30
-22
-23
-25
-6
-6
-21
-15
-15
-22
-35
-32
-28
-25
-38
-28
-13
-26
-36
-38
-40
-32
-25
-15
-8
-12
-29
-31
-36
-32
-39
-24
-22
-30
-35
-29
-24
-43
-42
-45
-22
-21
-18
-27
-26
-29
-26
-20
-22
-20
-35
-30
-18
-35
-45
-36
-9
-11
-23
-32
-22
-22
-16
-9
-15
-6
-21
-12
-26
-34
-34
-19
-17
-21
-30
-28
-28
-25
-36
-38
-33
-27
-23
-33
-32
-40
-23
-20
-8
-14
-26
-15
-10
-15
-19
-12
-2
-10
-20
-25
-26
-20
-10
-11
-5
-26
-32
-31
-23
-15
-22
-6
-12
-13
-34
-22
-20
-19
-25
-29
-22
-10
-12
-20
-19
-27
-42
-23
-26
-31
-41
-29
-29
-16
-17
-21
-8
-22
-22
-24
-19
-7
-15
-10
-25
-38
-30
-19
-9
-18
-23
-29
-16
-18
-22
-23
-4
-3
-25
-26
-20
-28
-36
-32
-36
-38
-33
-38
-8
-18
-9
-11
-5
-28
-38
-39
-25
0
-19
-23
-26
-41
-36
-37
0
-11
-14
-19
-13
-32
-30
-26
-6
-9
-25
-33
-39
-24
-6
-2
-3
-11
-29
-42
-51
-47
-36
-21
-10
-5
-25
-19
-15
-15
-14
-8
5
-2
-20
-37
-45
-29
-26
-19
-27
-27
-46
-47
-51
-36
-14
-8
-3
-5
-10
-15
-21
-30
-25
-14
-7
-12
-26
-35
-42
-41
-42
-28
-24
-34
-36
-37
-23
-30
-26
-2
19
8
-24
-12
-35
-16
-28
-14
-22
-31
-50
-51
-43
-42
-33
-23
-7
-10
-26
-16
-18
-6
-2
-6
15
2
-28
-38
-45
-35
-24
-30
-30
-40
-54
-56
-40
-40
-24
-16
-12
-12
-29
-36
-24
-13
-20
-6
-18
-16
-34
-38
-49
-28
-24
-26
-12
-20
-31
-30
-26
-22
-29
-27
-30
-31
-41
-29
-21
-13
-13
-15
-32
-47
-50
-43
-42
-29
-19
-10
-15
-20
-23
-14
-21
-21
-38
-34
-26
-42
-58
-44
-37
-32
-37
-21
-34
-29
-36
-5
-17
3
-6
-24
-14
-23
-32
-45
-23
-28
-33
-40
-30
-32
-52
-32
-24
-30
-33
-27
-30
-27
-45
-48
-26
-20
-26
-28
-29
-34
-37
-26
-27
-24
-19
-16
-26
-37
-44
-30
-29
-30
-31
-32
-22
-26
-39
-40
-36
-25
-36
-27
-22
-14
-37
-25
-30
-37
-34
-41
-36
-24
-43
-43
-39
-36
-44
-41
-32
-35
-37
-33
-21
-32
-36
-31
-28
-34
-41
-35
-18
-23
-37
-34
-37
-28
-21
-26
-26
-18
-30
-24
-32
-20
-35
-28
-25
-14
-26
-34
-29
-38
-44
-36
-27
-10
-26
-23
-15
-23
-41
-39
-29
-29
-36
-30
-24
-41
-40
-37
-35
-34
-37
-30
-14
-26
-22
-44
-18
-40
-21
-53
-22
-38
-17
-19
-11
-14
-31
-32
-31
-27
-31
-29
-15
-31
-33
-34
-23
-24
-19
-18
-21
-12
-31
-17
-37
-20
-36
-31
-30
-23
-38
-38
-20
-22
-35
-38
-29
-18
-38
-44
-38
-33
-54
-29
-13
-12
-29
-24
-10
-22
-28
-28
-6
-6
-29
-24
-23
-29
-37
-38
-37
-33
-21
-40
-40
-40
-37
-28
-14
-23
-42
-30
-22
-12
-31
-28
-18
-20
-28
-44
-34
-37
-36
-36
-36
-36
-26
-13
-18
-19
-28
-35
-33
-17
-18
-7
-13
-8
-26
-26
-22
-34
-51
-45
-44
-30
-42
-33
-30
-40
-47
-35
-23
-32
-41
-36
-38
-23
-27
-20
-34
-11
-30
-21
-35
-25
-25
-23
-8
-17
-25
-28
-36
-42
-54
-30
-21
-22
-28
-38
-29
-34
-23
-18
-3
-20
-34
-36
-38
-33
-46
-43
-32
-33
-31
-34
-34
-27
-34
-42
-27
-22
-25
-25
-26
-38
-40
-26
-22
-24
-39
-50
-38
-31
-41
-38
-40
-26
-37
-44
-34
-30
-25
-29
-42
-34
-42
-24
-26
-34
-25
-26
-20
-21
-23
-38
-31
-23
-32
-31
-14
-20
